-208.33 -21.336 61.141
-192.31 -1.0066 69.645
-213.52 -3.0534 61.321
-193.35 -40.44 60.815
-198.03 -27.975 65.447
-201.92 -43.401 50.214
-202.79 -34.784 56.557
-222.74 -26.31 44.443
-219.14 2.4281 52.519
-220.62 -16.852 53.604
-202.57 -6.0249 71.197
-205.36 3.9383 62.53
-206.31 12.797 54.887
-195.45 9.6808 63.625
-170.38 3.579 69.591
-193.32 -14.685 74.97
-180.21 -10.094 75.79
-188.93 -27.756 71.854
-214.58 -26.002 52.462
-223.7 -39.492 30.125
-183.1 10.079 64.755
-163.41 -14.147 79.158
-172.16 -22.295 79.21
-179.17 -33.801 74.695
-179.89 -42.762 68.783
-217.17 -39.634 38.707
-225.74 7.3881 43.069
-214.76 14.459 48.216
-220.14 20.727 39.832
-192.43 19.917 58.011
-189.63 31.008 52.676
-177.11 18.351 60.651
-164.52 13.787 63.99
-159.24 5.959 68.836
-143.45 -14.398 81.47
-154.15 -31.161 83.2
-168.94 -35.406 80.538
-173.44 -52.839 65.215
-192.46 -50.466 53.2
-202.9 -52.999 40.977
-216.64 -50.958 29.871
-226.7 -46.887 22.129
-238.86 -31.991 15.088
-231.96 -21.635 38.707
-235.64 -22.711 28.895
-241.02 -12.01 31.323
-244.01 -19.982 14.369
-231.89 -5.4589 44.841
-235.85 -0.49556 29.567
-190.96 42.89 45.379
-207.97 33.162 39.753
-202.07 25.978 47.571
-166.73 28.228 57.229
-176.34 32.706 55.123
-154.82 39.94 54.638
-157.75 -4.4457 74.98
-134.37 -7.3339 78.041
-159.64 -43.404 81.891
-147.54 -40.218 85.503
-143.33 -59.033 80.709
-169.19 -45.577 74.157
-163.74 -73.697 57.14
-184.65 -58.811 53.496
-173.17 -66.884 56.075
-193.32 -59.695 44.401
-194.11 -68.378 37.099
-188.82 -78.234 28.266
-203.96 -70.418 26.878
-240.14 -47.067 6.4532
-245.35 -31.286 4.4514
-248.48 -12.945 5.9127
-236.86 3.5114 19.537
-228.88 13.594 31.188
-232.66 17.927 10.111
-225.72 24.512 22.352
-218.73 31.687 32.942
-202.09 49.011 34.328
-181.61 42.677 51.762
-189.52 52.832 41.064
-152.76 25.767 59.104
-144.25 19.103 61.985
-140.76 7.3691 69.055
-143.98 -2.5958 74.688
-127.28 4.965 71.278
-129.74 -23.89 84.605
-142.35 -24.829 83.569
-135.21 -35.469 86.116
-137.78 -53.392 87.917
-144.45 -72.696 69.209
-156.45 -68.311 65.014
-157.6 -55.886 73.537
-165.11 -59.836 65.508
-154.55 -80.23 52.579
-168.73 -79.909 43.918
-182.2 -74.274 42.082
-184.26 -89.625 18.714
-199.48 -78.252 19.133
-213.59 -63.869 21.837
-229.18 -54.59 12.175
-241.41 1.577 7.7655
-243.22 -8.7662 18.767
-229.13 27.3 2.2741
-218.61 36.387 22.544
-170.62 43.79 52.343
-162.77 50.814 50.752
-151.75 54.884 49.625
-129.01 26.85 63.736
-138.15 37.537 56.511
-133.26 15.167 66.107
-113.82 -12.262 82.17
-123.98 -9.9731 80.215
-127.39 -45.463 88.634
-122.12 -64.326 89.579
-132.79 -65.436 82.146
-127.9 -81.813 66.386
-130.38 -76.151 74.926
-169.41 -92.772 24.104
-177.73 -84.61 27.963
-194.02 -85.17 13.091
-207.1 -81.785 0.30248
-212.6 -71.208 13.421
-215.3 -74.314 3.14
-223.35 -64.175 7.3241
-240.13 -53.183 -16.691
-231.1 -61.851 -8.4243
-243.25 -39.918 -1.3573
-246.75 -40.136 -18.831
-247.84 -19.491 -5.3007
-237.7 11.081 -2.5088
-235.99 14.997 -17.842
-228.48 28.768 -12.011
-212.72 43.36 28.959
-204.56 61.992 13.66
-207.67 54.439 22.278
-200.59 58.581 29.04
-180.53 60.463 41.721
-168.64 64.33 44.087
-137.12 53.443 50.825
-125.33 42.442 58.954
-113.47 33.785 66.273
-114.52 21.9 70.551
-112.03 10.91 74.324
-107.64 1.8897 77.86
-98.464 15.435 77.946
-105.11 -18.297 85.463
-117.48 -29.885 86.883
-121.03 -75.368 81.51
-98.168 -87.108 84.354
-111.62 -75.779 86.961
-142.99 -80.781 58.788
-123.92 -91.391 53.365
-149.89 -92.903 36.339
-158.25 -85.204 43.038
-161.45 -90.747 30.98
-179.3 -100.78 -4.6333
-199.21 -88.614 -1.6648
-238.5 -52.293 -5.4633
-245.04 -29.89 -8.7331
-245.21 -5.4722 -1.9851
-241.56 2.786 -8.711
-229.4 27.154 -24.5
-215.46 51.036 -13.152
-197.22 67.613 23.47
-189.03 65.381 31.294
-172.99 72.611 35.308
-163.12 73.257 39.467
-139.43 65.028 44.728
-147.31 73.941 39.667
-154.45 66.894 43.121
-123.52 53.468 53.283
-127.4 65.23 45.355
-112.06 52.29 56.649
-103.28 30.895 70.177
-98.512 -7.5373 83.103
-85.973 -21.313 86.496
-99.531 -28.494 88.074
-99.789 -40.217 90.523
-117.53 -52.61 90.259
-115.31 -41.609 89.365
-110.19 -66.101 91.442
-139.16 -88.946 48.303
-131.34 -97.409 40.234
-133.49 -102.73 31.175
-161.9 -99.803 19.171
-180.05 -96.061 11.503
-189.88 -93.239 2.9258
-195.98 -96.225 -17.912
-206.38 -88.785 -18.468
-214.52 -81.379 -17.185
-219.47 -74.613 -6.7059
-223.46 -74.948 -20.19
-213.21 -87.611 -34.746
-230.63 -67.292 -19.138
-233.78 -65.592 -33.399
-240.27 -56.162 -33.085
-246.38 -47.472 -31.443
-247.78 -33.056 -33.132
-244.02 -48.916 -46.451
-247.43 -25.125 -25.757
-241.65 2.5794 -20.038
-243.24 -1.511 -39.722
-238.03 12.664 -39.973
-237.57 12.176 -29.064
-203.85 69.913 -8.8816
-204.61 66.203 1.4023
-197.26 75.666 2.9628
-181.92 79.912 23.334
-166.26 84.26 28.549
-152.4 83.88 34.075
-141.96 87.045 31.904
-155.31 93.937 25.478
-134.96 74.974 39.886
-112.99 63.902 49.4
-102.33 67.656 49.518
-112.82 74.09 43.219
-94.684 60.616 55.56
-102.82 47.713 61.485
-74.543 29.48 78.108
-92.232 24.747 75.992
-69.136 19.53 84.788
-84.372 8.9042 85.595
-89.032 -37.251 88.736
-98.332 -51.926 92.482
-91.988 -64.663 93.563
-99.464 -76.478 92.944
-83.71 -71.56 94.744
-88.302 -94.024 83.508
-112.39 -88.338 72.144
-95.896 -96.646 75.461
-114.44 -96.617 50.969
-104.71 -96.198 64.257
-123.94 -109.33 26.859
-115.5 -106.25 36.312
-146.26 -102.32 24.411
-135.35 -109.09 20.612
-168.16 -102.62 6.7876
-161.51 -109.5 -6.2906
-157.59 -107.7 5.3696
-185.23 -101.27 -16.328
-186.93 -102.75 -27.374
-177.1 -107.66 -26.99
-225.51 -76.535 -34.734
-235.69 -65.475 -48.966
-228.43 -75.262 -45.867
-246.75 -29.839 -53.864
-247.47 -25.901 -41.311
-246.78 -12.249 -15.739
-247.25 -16.274 -31.66
-244.27 -6.8911 -26.631
-229.09 28.398 -37.337
-224.15 36.825 -23.089
-216.71 48.643 -25.231
-219.1 44.607 -36.351
-216.02 50.885 -2.4107
-187.75 88.274 3.6542
-190.18 91.226 -8.7992
-196.25 81.545 -7.7063
-189.01 81.957 13.027
-173.82 91.89 17.75
-163.77 101.75 15.578
-140.5 99.399 22.864
-126.98 83.102 35.01
-91.715 76.854 45.66
-89.793 52.26 61.802
-89.058 40.399 68.541
-80.159 46.7 64.916
-67.141 37.603 73.159
-80.097 20.407 81.46
-64.04 3.4776 94.766
-87.271 -2.8398 86.982
-78.329 -12.392 93.477
-73.435 -2.4099 93.451
-73.428 -24.238 89.15
-77.702 -47.646 89.246
-77.335 -33.736 86.412
-77.788 -58.155 93.805
-87.953 -84.216 91.858
-74.302 -83.777 93.822
-88.581 -103.36 66.527
-101.98 -115.93 29.778
-114.44 -115.61 22.996
-129.36 -119.35 -0.25071
-131.04 -115.18 11.71
-141.61 -112.84 7.9688
-148.23 -115 -5.5629
-157.76 -114.98 -18.319
-160.04 -116.42 -31.827
-168.7 -109.86 -17.997
-177.67 -109.61 -39.489
-195.4 -100.32 -41.947
-202.71 -95.394 -30.193
-204.64 -95.53 -43.92
-215.94 -86.706 -47.983
-205.96 -95.722 -56.092
-240.58 -55.824 -54.386
-242.6 -54.477 -65.071
-233.9 -71.448 -60.242
-234.36 -69.916 -70.876
-246.77 -14.934 -45.517
-233.99 21.845 -52.87
-241.75 6.8506 -55.046
-228.39 31.528 -50.461
-202.14 71.545 -20.079
-194.95 83.656 -20.354
-183.44 96.97 -0.54864
-177.97 98.158 8.4397
-131.94 91.367 28.878
-108.2 82.358 37.552
-97.482 83.786 38.554
-82.57 63.491 56.478
-79.643 79.581 45.806
-72.002 68.957 52.286
-70.876 53.044 60.504
-57.285 23.118 85.986
-63.93 -9.3046 99.587
-66.011 -31.966 86.142
-62.506 -51.483 88.968
-68.979 -75.075 96.641
-62.633 -66.388 95.434
-76.877 -93.421 86.861
-66.152 -92.32 89.899
-63.493 -104.46 80.897
-69.091 -107.53 69.012
-78.562 -103.63 77.957
-78.488 -108.54 61.624
-72.222 -112.71 53.757
-97.178 -102.84 51.018
-93.895 -110.95 40.705
-86.7 -106.92 52.492
-104.79 -108.45 39.175
-84.244 -115.27 39.025
-106.72 -120.82 13.526
-120.88 -119.31 7.5555
-117.61 -123.82 -3.4949
-140.43 -120.04 -15.595
-148.63 -119.67 -25.702
-174.32 -112.72 -52.07
-162.56 -117.69 -51.006
-168.79 -114.47 -42.667
-186.2 -105.56 -46.094
-225.92 -78.631 -61.389
-246.88 -44.676 -68.798
-246.04 -41.224 -56.383
-246.75 -32.526 -68.331
-247.04 -17.752 -60.671
-244.2 -3.9315 -53.283
-232.84 23.731 -67.915
-234.1 19.535 -79.408
-238.17 14.994 -62.117
-219.66 44.912 -55.05
-225.32 37.522 -64.977
-213.41 52.622 -49.051
-210.21 58.336 -24.5
-202.26 69.995 -33.785
-189.77 91.28 -42.422
-187.52 95.963 -26.037
-182.59 105.41 -18.34
-177.38 105.52 -2.0638
-171.11 116.97 -11.117
-167.84 114.07 0.45905
-151.35 114.74 7.239
-152.49 106.34 14.932
-116.41 102.7 21.274
-105.64 100.81 23.132
-58.756 56.757 57.13
-54.178 32.39 76.444
-62.288 42.816 65.213
-45.635 43.898 62.01
-53.806 -2.2614 100.53
-47.026 -23.742 99.677
-64.44 -19.995 95.888
-54.429 -30.047 92.117
-50.46 -95.51 89.885
-59.652 -84.25 95.234
-55.996 -108.57 69.946
-64.637 -117.21 44.913
-90.104 -120.89 23.474
-126.15 -123.69 -11.044
-119.66 -131.68 -34.091
-134.59 -127.36 -37.047
-150.13 -122.48 -47.435
-145.79 -122.81 -36.203
-177.96 -111.1 -63.042
-160.85 -118.86 -63.801
-189.41 -104.88 -59.107
-187.01 -105.75 -80.2
-199.29 -99.445 -64.98
-199.32 -99.161 -82.438
-211.17 -90.953 -83.928
-217.61 -85.978 -62.645
-210.79 -91.839 -69.963
-222.06 -81.359 -81.064
-231.51 -72.916 -80.569
-234.97 -64.011 -103.27
-243.02 -56.646 -83.526
-245.28 -50.779 -100.53
-247.98 -36.176 -82.241
-248.22 -47.292 -83.088
-247.89 -17.682 -89.408
-244.06 -5.755 -64.467
-220.76 42.188 -82.179
-216.35 49.833 -65.643
-208.44 60.207 -42.935
-202.86 68.62 -48.423
-194.25 83.945 -31.505
-188.12 94.845 -53.683
-157.49 122.18 -11.189
-138.88 108.54 15.562
-140.66 115.23 6.7765
-127.38 115.53 9.1994
-128.12 124.05 -6.0375
-129.98 101.51 21.506
-106.31 109.08 16.068
-94.736 101.56 24.094
-108.66 91.721 29.541
-87.851 93.749 31.997
-74.421 92.279 35.943
-59.838 97.191 30.576
-67.038 84.253 41.064
-61.991 67.115 49.328
-39.353 50.478 53.826
-43.428 25.536 82.41
-39.57 18.194 92.223
-50.139 14.351 92.533
-34.28 -7.1017 105
-53.627 -14.649 104.18
-36.292 -20.837 104.1
-57.857 -38.762 84.638
-35.753 -40.256 89.855
-50.893 -57.466 90.075
-44.562 -69.037 94.618
-33.176 -97.256 87.159
-48.451 -105.64 82.513
-59.32 -112.32 58.183
-94.934 -124.54 10.467
-89.742 -129.03 2.3154
-118.69 -128.75 -19.938
-106.03 -131.64 -17.718
-130.63 -125.59 -22.716
-120.55 -133.56 -50.129
-138.38 -127.45 -48.352
-145.4 -125.38 -57.498
-153.1 -121.9 -71.643
-164.96 -116.43 -80.511
-174.58 -112.24 -79.249
-186.73 -103.77 -95.705
-224.12 -78.244 -91.069
-222.52 -77.247 -102.94
-231.6 -70.594 -93.57
-229.76 -67.245 -112.79
-239.73 -59.613 -94.73
-249.9 -26.763 -106.81
-248.74 -28.813 -92.28
-246.48 -12.766 -100.99
-246.4 -13.862 -77.265
-243.79 -5.7236 -83.664
-241.58 2.2654 -72.726
-239.07 8.5915 -87.062
-227.26 32.254 -78.023
-212.75 53.718 -85.106
-208.04 60.915 -72.01
-207.51 61.082 -57.197
-199.55 74.421 -58.393
-195.4 81.946 -47.624
-185.07 99.296 -36.847
-175.46 115.18 -27.015
-166.55 120.37 -20.044
-157.25 124.68 -24.136
-148.85 122 -3.51
-119.32 122.08 2.7548
-117.64 110.75 14.543
-93.954 121.88 7.1039
-71.207 102.32 28.488
-65.419 109.71 23.229
-56.512 75.378 42.332
-43.419 70.783 40.157
-43.734 59.348 47.885
-28.712 55.035 48.502
-32.742 42.934 60.299
-33.944 32.198 73.348
-28.715 19.776 90.463
-18.162 17.556 93.702
-35.198 4.3671 99.209
-25 -2.0393 102.74
-26.585 -16.181 105.88
-16.441 -27.822 101.43
-27.461 -33.934 96.288
-42.877 -33.25 93.526
-49.018 -45.893 84.828
-36.215 -58.322 89.791
-47.362 -80.708 98.383
-36.191 -106.93 80.549
-34.982 -113.72 60.093
-46.306 -110.81 65.839
-53.604 -115.84 50.024
-40.868 -123.66 31.614
-76.39 -119.58 32.526
-59.595 -124.67 25.377
-81.188 -124.37 18.858
-73.967 -128.85 10.856
-95.692 -131.11 -7.756
-80.584 -132.88 -4.0199
-88.305 -134.8 -15.141
-105.12 -126.92 -2.4714
-106.05 -136.34 -39.434
-136.87 -128.73 -64.148
-141.73 -126.33 -74.059
-162.16 -115.81 -96.097
-175.33 -109.57 -94.463
-196.2 -98.788 -96.857
-215.2 -81.867 -109.45
-206.48 -92.538 -93.877
-240.91 -46.138 -128.03
-239.33 -55.875 -114.45
-245.4 -46.608 -114.52
-248.85 -34.308 -114.69
-249.08 -40.873 -101.73
-248.69 -15.968 -111.57
-239.13 7.6904 -98.125
-234.52 17.102 -106.62
-229.99 25.766 -89.136
-227.28 30.497 -105.06
-222.31 39.607 -95.04
-216.36 49.031 -95.495
-213.83 53.239 -112.08
-205.52 64.482 -82.237
-195.79 80.59 -67.583
-174.5 112.85 -69.292
-175.86 112.46 -40.317
-179.3 109.45 -55.516
-163.55 123.7 -33.987
-162.8 122.65 -45.211
-145.58 126.3 -12.752
-146.94 129.42 -28.472
-106.25 125.59 1.6781
-110.14 117.18 8.9854
-87.075 113.45 16.711
-83.316 123.02 10.259
-77.244 110.3 21.169
-50.206 98.59 25.367
-46.086 84.95 31.482
-19.962 64.698 43.063
-33.994 66.464 38.244
-21.167 44.292 59.846
-19.319 29.896 77.016
-11.004 40.839 64.1
-0.4591 18.566 93.139
-9.1875 8.3327 98.431
-12.057 -11.371 107.57
-17.248 -43.159 91.633
-25.434 -54.852 89.018
-31.199 -67.361 93.786
-32.754 -79.662 97.777
-18.089 -70.973 95.311
-24.557 -115.9 53.413
-35.91 -118.16 46.636
-50.059 -120.29 39.042
-64.119 -127.73 15.935
-64.069 -136.1 -5.3285
-96.961 -135.43 -24.276
-95.442 -138.42 -34.526
-89.478 -141.7 -43.497
-108.61 -137.21 -52.454
-98.254 -140.33 -53.795
-113.64 -136.02 -62.13
-97.161 -140.72 -66.48
-124.13 -132.99 -61.132
-125.92 -131.61 -77.727
-137.26 -126.56 -85.044
-144.33 -122.56 -94.004
-187.95 -101.37 -106.35
-203.55 -91.798 -106.14
-215.45 -68.653 -134.55
-220.58 -74.423 -118.54
-227.15 -57.937 -130.68
-246.52 -34.729 -125.75
-250.99 -20.631 -125.39
-242.05 -1.4281 -105.05
-239 7.2594 -110.24
-239.63 5.9996 -124.09
-223.73 36.864 -115.21
-218.54 44.423 -122.69
-210.58 58.008 -99.678
-202.6 69.165 -92.221
-198.81 75.248 -77
-197.56 78.182 -96.575
-183.89 100.84 -86.926
-192.26 86.555 -87.463
-189.66 91.32 -70.226
-184.92 100.47 -62.658
-164.14 120.81 -75.213
-171.2 117.15 -52.652
-161.99 125.93 -55.668
-168.61 119.65 -63.395
-152.72 131.42 -40.517
-152.39 132.84 -52.435
-141.41 141.94 -56.157
-120.41 143.88 -34.161
-135.64 139.89 -44.399
-135.15 129.27 -15.505
-133.4 133.92 -27.76
-99.408 137.82 -9.6244
-113.6 135.39 -20.71
-115.96 130.25 -11.791
-71.722 120.18 14.603
-59.313 117.2 17.268
-65.993 128.24 8.1726
-51.976 127.23 10.186
-52.16 109.01 20.545
-40.371 102.32 18.783
-42.35 112.35 13.728
-32.737 93.732 19.465
-33.877 75.172 31.982
-33.833 84.435 25.589
6.3461 71.168 44.058
-4.9555 24.424 84.995
6.8666 -1.4147 103.79
5.1194 -17.407 105.16
-3.2296 -25.55 102.18
1.7455 -34.234 98.885
-23.591 -88.262 89.539
-11.042 -94.686 83.508
-19.437 -101.91 81.844
-25.348 -111.45 66.531
-12.846 -115.3 54.37
-56.004 -133.45 4.5208
-40.908 -131.49 12.772
-47.388 -127.74 20.875
-76.445 -139.21 -21.03
-71.02 -144.95 -43.046
-84.165 -140.59 -31.828
-86.76 -143.34 -53.909
-81.597 -144.38 -63.127
-111.78 -135.91 -74.424
-117.22 -132.91 -86.918
-128.35 -127.89 -95.2
-153.83 -119.79 -90.007
-134.54 -122.8 -109.52
-153.21 -117.82 -102.49
-161.82 -112.12 -111.84
-176.35 -106.88 -106.23
-168.77 -107.54 -118.53
-208.04 -82.356 -122.44
-199.66 -91.091 -115.97
-205.32 -79.505 -134.66
-200.63 -74.962 -147.48
-219.33 -50.231 -150.52
-226.5 -49.929 -141.86
-242.83 -34.798 -136.11
-233.05 -41.516 -142.88
-246.89 -22.008 -135.81
-238.7 -11.033 -154.34
-247.35 -11.243 -121.8
-238.05 0.61259 -139.21
-235.19 -0.73269 -150.79
-241.74 -9.8091 -142.69
-231.6 17.44 -132.04
-229.57 26.052 -116.01
-223.28 28.127 -140.22
-226.04 28.912 -128.16
-205.71 66.098 -112.83
-193.08 86.342 -114.18
-198.99 76.54 -110.01
-189.4 92.871 -105.18
-175.74 111.56 -81.102
-157.06 129.73 -65.62
-121.09 160.61 -51.214
-112.23 151.65 -31.982
-98.213 147.28 -14.889
-85.508 143.28 -4.8942
-89.649 161.92 -16.712
-94.637 129.62 -0.14142
-82.436 131.99 2.5533
-37.242 119.63 6.4223
-50.109 138.23 4.8378
-24.192 87.458 21.447
-8.04 71.252 40.554
-16.875 76.712 32.969
12.407 62.393 53.311
0.87722 43.002 62.866
8.6991 36.063 71.169
-2.7566 34.425 72.395
20.075 3.7798 98.577
8.4783 13.14 97.189
22.712 -11.196 103.66
16.866 -21.288 106.13
-2.8498 -52.232 92.993
9.6316 -46.807 94.723
-12.837 -56.443 91.626
-5.9897 -41.01 95.608
0.2013 -63.447 95.009
-6.4757 -73.167 96.215
16.484 -58.638 94.047
-6.9344 -83.249 92.563
-4.2964 -103.69 74.251
4.2794 -90.02 85.754
-11.566 -110.65 65.787
-3.8 -117.27 48.371
2.6674 -113.28 56.412
-13.303 -124.76 31.14
-19.068 -120.68 41.235
-33.906 -127.62 22.591
-45.911 -138.36 -4.9425
-44.708 -142.33 -14.847
-73.395 -142.95 -32.41
-63.271 -144.9 -35.173
-87.873 -142.44 -75.031
-101.83 -135.11 -96.757
-139.12 -118.93 -119.43
-149.46 -115.41 -118.05
-158.87 -108.27 -126.73
-183.81 -100.15 -120.89
-193.26 -83.566 -142.86
-196.36 -89.288 -126.48
-192.1 -75.063 -155.78
-214.7 -62.365 -143.87
-206.31 -61.308 -154.22
-225.62 -38.245 -155.05
-225.22 -28.378 -164.3
-235.03 -33.081 -149.42
-240.57 -23.264 -152.55
-235.3 -17.883 -164.15
-228.37 -3.068 -162.14
-229.26 10.837 -153.28
-211.31 51.533 -130.84
-209.13 58.844 -120.85
-195.93 75.846 -125.46
-186.35 89.649 -122.05
-181.66 99.001 -118.71
-182.28 105.15 -104.39
-179.08 109.58 -92.788
-165.39 116.46 -87.452
-163.12 120 -102.46
-152.46 129.89 -77.559
-146.12 137.24 -71.275
-123.51 150.16 -43.882
-115.19 158.37 -42.642
-61.29 156.58 -4.6357
-73.378 152.95 -3.9085
-28.314 109.5 6.6931
-17.612 104.38 9.0685
-11.612 94.247 18.607
2.7979 89.081 25.817
-10.764 83.978 27.158
-0.86699 81.168 32.107
9.5786 80.221 35.661
-7.3234 56.183 52.472
12.17 47.212 62.735
21.907 41.772 67.348
22.098 55.05 59.103
15.288 31.357 78.208
6.3009 24.95 85.143
36.577 17.506 98.977
19.743 16.488 96.364
22.841 -31.301 103.8
13.354 -36.55 99.524
24.718 -49.581 96.717
4.1084 -77.902 96.333
20.16 -76.65 94.402
30.059 -62.017 92.42
31.404 -73.103 93.382
8.7831 -97.38 78.541
6.7593 -104.18 69.55
6.3717 -119.43 42.817
-2.5592 -122.54 36.052
25.279 -125.44 26.959
-2.732 -133.17 11.78
-22.333 -127.17 25.17
-26.658 -131.55 14.19
-34.426 -143.67 -16.793
-34.057 -135.68 4.1486
-62.393 -141.24 -18.463
-49.442 -148.56 -44.723
-47.094 -146.71 -33.28
-57.829 -148.09 -53.6
-69.392 -146.39 -59.549
-63.238 -147.08 -70.535
-74.82 -145 -74.663
-79.66 -142.9 -84.295
-97.777 -138.6 -83.269
-111.48 -128.79 -112.48
-115.01 -131.28 -98.866
-122.85 -127.32 -105.57
-101.91 -128.89 -120.91
-131.3 -117.71 -130.61
-148.73 -109.01 -131.96
-151.34 -103.64 -141.46
-166.15 -103.13 -132.65
-159.01 -97.962 -147.38
-176.18 -101.48 -129.41
-187.07 -90.625 -137.66
-177.71 -85.914 -155.49
-185.97 -69.491 -167.13
-215.59 -44.999 -159.05
-226.31 19.943 -146.97
-217.53 28.978 -155.15
-216.92 38.749 -141
-211.44 48.09 -141.22
-202.17 62.683 -134.34
-188.59 66.258 -150.3
-203.34 57.007 -147.34
-188.07 83.437 -131.63
-172.97 103.17 -130.03
-173.48 114.73 -104.05
-175.52 109.21 -117.43
-164.27 116.4 -115.26
-129.44 151.87 -77.095
-133.87 153.4 -65.372
-115.79 164.58 -82.711
-112.18 168.14 -49.094
-100.78 159.79 -26.218
-105.24 170.44 -40.929
-89.054 171.29 -22.483
-98.42 170.45 -32.447
-80.013 159.33 -10.187
-62.559 166.66 -8.7248
-68.318 141.01 1.7158
-49.912 149.92 -0.55675
-38.497 140.44 -2.2716
-24.763 139.88 -9.4952
-31.066 129.04 -1.0808
-15.955 118.45 -0.99907
-20.69 126.65 -5.7721
-7.0136 113.35 3.2099
-2.0681 98.402 16.575
19.41 85.328 34.647
18.997 77.032 42.01
21.39 68.688 51.315
29.607 35.931 75.297
33.485 47.553 65.205
44.821 26.53 92.044
25.502 28.642 84.323
30.589 6.2487 94.617
27.815 -21.916 106.94
32.638 -5.8717 98.722
40.876 -50.107 100.28
41.681 -64.122 92.284
19.306 -91.879 80.955
41.176 -88.857 78.949
20.065 -102.8 68.747
13.541 -108.23 61.692
21.73 -112.68 52.89
31.189 -101.85 67.256
3.2314 -127.32 24.644
-8.5216 -129.34 19.75
-17.495 -141.76 -7.7075
-4.7062 -143.04 -10.514
0.26291 -146.66 -21.141
-13.628 -149.42 -30.923
-16.344 -145.49 -19.034
-34.337 -147.16 -29.148
-48.94 -149.75 -63.458
-65.73 -144.32 -90.32
-49.324 -145.9 -92.481
-52.229 -147.59 -80.662
-82.78 -139.59 -96.214
-93.04 -135.34 -104.59
-90.57 -132.87 -116.12
-116.61 -121.26 -134.45
-118.23 -123.96 -123.85
-138.37 -107.06 -145.45
-156.58 -91.005 -161.33
-173.46 -93.829 -144.88
-176.28 -80.018 -166.65
-169 -85.868 -161.66
-178.62 -67.94 -174.76
-190.69 -59.473 -172.02
-203.22 -43.263 -173.64
-213.89 -33.794 -170.46
-206.26 -29.368 -182.33
-227.5 -17.068 -172.31
-213.98 -9.7737 -179.58
-214.45 2.3079 -168.89
-222.4 -7.8547 -169.41
-212.25 14.562 -165.42
-212.82 41.507 -150.62
-203.96 47.923 -154.46
-180.25 57.066 -163.72
-195.97 68.752 -141.38
-176.19 76.704 -150.25
-177 92.566 -137.44
-164.35 114.31 -126.07
-154.08 118.11 -123.16
-147.95 126.17 -90.252
-139.18 131.61 -95.677
-136.63 137.86 -83.919
-120.57 148.38 -91.768
-126.48 137.1 -93.636
-115.6 171.15 -70.602
-117.16 167.63 -58.664
-125.67 160.18 -70.746
-108.27 180.42 -66.909
-106.67 177.22 -52.438
-81.655 181.26 -22.442
-69.456 174.29 -12.542
-48.115 176.61 -16.629
-48.266 159.41 -5.7173
-35.509 156.49 -11.088
-8.1434 127.09 -5.4473
11.023 122.65 0.021233
1.7199 131.87 -8.399
12.382 113.8 6.6321
15.934 100.75 19.365
30.096 92.065 33.177
32.819 64.935 57.091
45.83 53.967 64.305
40.013 39.318 71.618
45.461 33.214 82.172
52.408 17.219 101.04
43.789 3.4364 95.482
39.675 -30.93 107.54
36.227 -40.334 103.62
59.675 -55.657 101.54
51.398 -68.815 91.87
37.203 -81.593 86.493
39.985 -105.59 59.497
18.401 -118.74 42.514
28.951 -115.97 45.905
41.884 -121.11 32.475
19.846 -130.98 15.223
7.0113 -141.43 -5.3533
7.5434 -131.26 15.785
-14.473 -137.45 2.4785
-38.363 -149.62 -41.523
-15.759 -151.22 -43.629
-39.792 -150.9 -55.72
-30.792 -151.53 -62.941
-68.294 -140.97 -101.74
-57.664 -142.31 -102.98
-70.851 -136.37 -116.49
-82.554 -136.55 -108.3
-102.61 -125.56 -131.31
-128.13 -109.61 -147.83
-150.15 -97.42 -154.42
-147.74 -84.193 -179.85
-165.13 -78.967 -174.99
-180.52 -58.219 -181.27
-200.41 -53.538 -167.61
-193.72 -46.689 -179.81
-191.59 -32.838 -186.72
-215.57 -22.041 -179.2
-204.23 -17.842 -190.82
-205.76 -0.91117 -179.89
-202.16 16.034 -171.28
-182.75 16.05 -178.46
-206.33 29.87 -162.58
-192.79 55.386 -156.25
-193.62 42.314 -164.94
-176.32 48.979 -171.44
-187.45 78.304 -142.33
-160.41 107.28 -134.46
-142.85 121.1 -123.5
-147.31 112.14 -133.95
-154.8 120.06 -111.77
-146.36 125.08 -104.5
-133.53 127.96 -106.47
-123.69 129.89 -111.04
-117.99 138.46 -101.17
-111.52 146.9 -102.25
-109.93 162.3 -92.893
-103.4 177.4 -85.698
-96.164 180.58 -37.952
-89.87 188.14 -44.18
-66.395 184.32 -16.892
-58.873 176.96 -12.793
-26.21 160.43 -17.614
-38.989 169.3 -15.799
-12.627 135.01 -10.888
-4.718 148.45 -18.939
8.7627 141.26 -14.521
20.574 127.11 0.63192
29.978 124.26 5.5312
26.093 104.1 20.664
20.622 109.58 13.481
35.599 117.89 12.733
36.465 105.46 23.939
13.351 91.758 26.456
39.266 97.972 31.733
47.873 91.953 35.549
31.338 79.516 44.041
43.595 85.408 44.128
43.081 69.446 57.666
61.854 73.438 49.839
66.173 40.783 72.219
57.713 28.912 90.975
65.665 34.469 82.697
53.454 38.624 74.898
53.674 -1.464 95.267
41.156 -17.164 101.02
57.009 -17.319 96.541
51.987 -30.813 103.96
66.336 -26.133 97.645
52.199 -47.833 104.32
70.494 -55.346 99.16
73.198 -71.659 86.996
63.499 -69.91 90.799
49.667 -93.32 73.144
48.716 -82.606 83.32
39.764 -116.59 42.269
31.079 -120.82 35.441
53.268 -122.2 27.679
36.064 -125.48 24.721
18.44 -137.66 1.7837
35.84 -132.01 11.324
33.63 -143.67 -14.619
-25.88 -150.16 -37.176
-30.604 -151.12 -50.281
-43.542 -149.67 -74.409
-33.665 -147.34 -93.087
-32.099 -150.85 -76.535
-56.373 -138.96 -114.23
-43.532 -141.11 -112.14
-80.127 -132.97 -122.39
-60.417 -135.05 -124.52
-66.017 -131.83 -132.9
-82.676 -129.08 -133.33
-74.857 -128.27 -140.45
-86.441 -125.26 -143.14
-103.04 -121.44 -144.51
-124.75 -115.58 -139.82
-134.04 -101.83 -157.27
-121.18 -107.21 -156.54
-140.09 -94.498 -166.55
-157.61 -67.789 -189.96
-160.23 -55.056 -198.99
-169.46 -62.165 -186.3
-176.2 -50.596 -188.84
-175.4 -30.537 -191.43
-188.25 -19.445 -193.68
-198.05 8.0839 -179.57
-187.91 5.9444 -182.43
-189.2 31.612 -172.76
-174.22 68.855 -157.28
-163.53 79.077 -156.03
-168.59 84.602 -146.98
-150.85 86.43 -154
-128.6 124.06 -125.72
-135.14 125.11 -116.93
-100.33 138.9 -117.18
-101.98 146.77 -109.85
-96.626 181.25 -93.134
-98.688 186.52 -76.349
-84.427 186.45 -78.056
-98.259 187.43 -62.887
-77.847 187.62 -64.549
-73.405 188.12 -49.366
-79.078 188.58 -39.773
-86.532 186.42 -31.738
-56.18 184.19 -21.99
-46.745 183.66 -26.871
-35.524 177.1 -22.436
-20 170.73 -25.283
-10.107 173.02 -30.835
-17.235 149.42 -17.936
22.603 136.1 -7.4331
23.759 148.87 -18.096
53.274 112.8 11.504
51.615 79.324 49.619
54.568 66.14 61.587
62.434 56.656 64.992
68.765 24.822 98.411
63.506 15.121 101.88
76.73 16.774 101.55
62.974 4.1381 98.314
65.159 -9.7751 93.056
63.505 -46.872 106.96
73.156 -34.554 99.279
75.613 -44.222 102.82
81.985 -56.707 94.772
58.573 -87.957 75.237
54.8 -98.661 65.261
63.265 -109.18 46.947
53.211 -106 54.978
52.728 -113.53 43.913
63.06 -116.74 34.655
73.25 -122.28 20.683
50.701 -128.3 15.742
44.871 -134.9 3.5586
29.851 -138.68 -1.4746
43.802 -140.39 -7.3884
15.515 -145.81 -18.902
26.284 -149.2 -30.536
44.843 -147.58 -30.427
20.246 -151.77 -46.297
13.615 -149.85 -30.818
7.9495 -151.84 -45.085
-10.721 -152.37 -54.085
-1.7807 -150.87 -37.89
-18.348 -152.17 -63.427
-13.898 -151.99 -73.895
-21.825 -150.19 -84.856
-8.9763 -151.02 -84.955
-41.126 -144.92 -100.94
-48.998 -135.61 -126.73
-54.797 -132.29 -135.23
-45.505 -129.47 -145.96
-90.184 -120.74 -156.08
-77.964 -120.83 -163.39
-87.303 -117.91 -168.53
-119 -102.38 -166.26
-106.26 -112.73 -157.8
-129.59 -95.686 -171.37
-137.74 -88.417 -179.23
-131.2 -80.919 -193.54
-145.39 -64.077 -199.87
-134.64 -63.432 -202
-140.72 -75.663 -193.64
-137.8 -48.744 -204.71
-150.26 -53.893 -203.8
-161.86 -31.734 -197.2
-197.32 -8.8476 -188.07
-186.94 -6.7274 -188.08
-171.53 6.5246 -183.57
-178.78 33.642 -174.66
-162.06 50.263 -171.77
-169.21 41.04 -173.87
-157.6 60.715 -167.41
-169.43 57.1 -168.23
-157.25 70.253 -162.88
-158.86 91.93 -144.32
-145.05 100.64 -142.43
-136.33 107.66 -139.95
-136.49 115.53 -132.49
-117 122.53 -129.04
-122.93 113.92 -136.45
-112.04 129.87 -121.01
-91.348 137.46 -123.22
-111.47 133.93 -110.22
-100.34 165.01 -101.89
-91.483 170.64 -107.1
-84.406 187.12 -93.341
-73.288 186.52 -100.04
-68.709 186.55 -78.156
-74.945 186.76 -86.959
-71.197 188.52 -32.249
-57.128 187.93 -40.608
-60.896 188.05 -52.59
-27.173 181.86 -30.438
-14.648 181.92 -34.906
-11.752 161.7 -25.391
9.2237 150.98 -20.599
-0.59901 157.74 -23.829
34.551 133.56 -5.38
47.691 144.71 -15.858
45.65 123.59 2.8312
43.222 110.51 15.542
47.88 101.38 23.074
57.191 83.028 41.213
57.701 88.793 30.156
71.963 87.777 19.974
71.16 78.023 34.982
73.833 59.402 60.727
76.15 31.67 85.613
96.549 -54.059 90.824
83.976 -75.504 80.464
89.468 -64.131 87.958
96.911 -76.042 76.262
69.047 -82.237 76.914
89.344 -82.202 71.284
76.821 -85.773 70.651
72.419 -95.337 62.764
68.013 -102.43 54.78
82.668 -98.066 54.929
71.751 -112.25 39.58
77.352 -116.13 30.911
61.181 -130.41 9.0031
43.502 -144.31 -18.811
59.451 -142.08 -15.753
60.472 -145.52 -29.091
39.138 -150.63 -41.966
-1.4625 -152.75 -66.354
14.867 -152.67 -67.804
5.4747 -153.4 -57.996
1.6522 -151.83 -80.936
-17.46 -147.51 -96.951
-1.5324 -147.81 -97.978
-29.591 -144.29 -106.92
-33.789 -140.14 -117.32
-28.382 -137.09 -126.31
-21.982 -142.04 -114.26
-21.22 -133.31 -137.44
-61.295 -128.84 -144.34
-49.108 -126.06 -155.56
-75.23 -124.76 -151.3
-67.413 -122.23 -164.21
-99.269 -108.23 -180.75
-96.806 -116.44 -163.42
-108.14 -105.7 -173.02
-116.59 -98.313 -176.16
-119.4 -91.577 -187.51
-118.65 -86.594 -198.38
-119.57 -70.748 -200.68
-164.21 -42.615 -196.16
-146.43 -42.812 -203.04
-160.56 -21.155 -198.89
-177.75 -18.607 -195.42
-174.14 -8.4606 -190.58
-158.73 5.8666 -185.02
-160.36 16.43 -180.65
-171.09 17.776 -179.19
-149.44 27.347 -179.03
-166.84 28.316 -176.97
-158.12 35.28 -176.17
-148.3 53.491 -171.19
-145.98 39.552 -176.32
-144 65.989 -165.93
-137.42 81.4 -157.98
-140.07 91.67 -151.17
-130.43 100.71 -145.74
-113.13 96.436 -149.64
-123.89 91.955 -151.96
-107.65 116.64 -138.27
-82.27 129.96 -131.8
-90.328 156.89 -113.52
-81.866 183.77 -108.18
-61.139 186.52 -90.629
-49.394 184.11 -103.16
-56.218 186.7 -77.581
-58.957 187.82 -66.489
-51.402 187.75 -59.147
-48.123 187.56 -70.586
-46.187 187.39 -43.028
-32.916 186.89 -45.066
-3.7002 177.45 -38.77
4.0009 166.1 -29.014
12.34 170.79 -33.859
29.287 157.09 -25.131
36.158 147.41 -16.824
50.769 130.87 -3.7282
63.571 130.03 -12.832
59.961 123.64 -3.8666
72.377 97.405 15.022
57.638 96.988 19.38
74.838 68.313 47.233
84.683 67.168 40.724
98.329 55.335 49.584
83.204 61.777 49.809
81.392 51.65 64.387
91.694 40.958 67.993
81.346 40.241 70.025
87.661 29.233 87.743
97.582 30.897 82.976
76.2 0.40268 95.948
92.674 0.23617 94.599
85.313 9.8522 98.479
99.416 -15.247 90.626
83.22 -16.89 91.813
83.322 -29.412 93.845
95.134 -35.382 92.844
89.23 -43.071 98.092
112.41 -55.168 82.049
108.95 -69.391 75.523
100.98 -63.207 84.207
106.98 -79.745 66.638
106.12 -89.238 54.492
86.342 -110.17 36.077
66.736 -135.26 -3.2094
80.291 -132.55 -2.2425
55.488 -137.32 -4.0621
52.816 -148.66 -38.647
61.298 -148.86 -46.294
23.766 -152.57 -59.498
34.039 -151.89 -55.339
-2.2925 -144.16 -110.94
11.527 -148.36 -96.255
-9.6318 -141.1 -118
-35.28 -133.82 -134.16
-34.999 -130.48 -144.58
-53.832 -121.64 -169.91
-75.099 -117.11 -178.6
-66.734 -115.19 -188.82
-58.972 -118.17 -181.84
-102.55 -93.473 -199.53
-107.87 -96.364 -188.47
-113.48 -63.18 -205.59
-126.94 -32.139 -204.05
-114.07 -31.988 -205.45
-122.86 -42.918 -205.86
-143.89 -25.941 -201.52
-151.06 -3.6597 -191.08
-162.43 -7.6126 -191.59
-144.38 4.8689 -188.33
-138.21 26.497 -181.11
-148.02 16.179 -182
-119.27 53.414 -175.35
-132.62 65.414 -167
-113.73 108.52 -142.6
-85.976 119.61 -138.83
-76.679 114.77 -142.42
-99.97 125.81 -130.14
-70.926 140.16 -130.88
-64.545 131.45 -133.16
-80.263 143.09 -124.9
-77.253 153.8 -121.41
-78.653 165.67 -118.2
-72.618 174.69 -117.34
-59.447 183.38 -108.54
-53.981 175.24 -117.94
-38.123 185.71 -93.075
-39.001 185.03 -60.507
-17.629 182.16 -45.187
-12.237 176.2 -60.794
3.0594 170.08 -68.975
36.425 160.08 -33.929
22.642 163.51 -30.744
46.053 152.46 -26.892
60.103 143.39 -25.394
73.635 127.39 -15.804
83.012 115.73 -14.295
68.838 114.03 -3.3696
71.119 107.66 10.143
85.267 99.455 10.911
84.514 74.944 28.872
87.876 85.944 17.745
97.296 80.858 20.268
94.451 68.12 36.062
88.443 54.549 57.007
100.05 46.192 61.05
115 29.024 82.396
91.451 19.487 98.913
99.792 24.797 93.133
106.76 17.078 95.226
97.061 10.517 96.103
102.72 -43.926 94.054
122.92 -41.063 82.502
120.16 -76.63 59.573
91.782 -90.311 61.295
96.605 -94.71 52.706
89.985 -102.85 44.822
101.37 -104.54 36.56
96.975 -112.22 27.82
88.948 -127.74 4.4229
89.339 -118.52 20.594
76.498 -127.46 9.789
89.003 -135.37 -12.823
73.294 -138.08 -11.953
75.546 -142.43 -24.077
39.513 -151.77 -64.729
50.824 -151.19 -63.236
20.278 -152.01 -76.845
16.827 -145.48 -106.65
21.659 -149.48 -91.244
29.847 -145.11 -106.67
2.4772 -135.53 -132.33
-12.537 -137.15 -127.82
-11.894 -130.9 -144.33
-24.358 -129.63 -148.3
-13.65 -126.13 -158.14
-25.16 -126 -158.95
-45.624 -120.14 -177.55
-64.938 -110.8 -198.82
-79.821 -105.42 -198.86
-91.227 -101.99 -200.19
-98.801 -102.68 -190.4
-86.063 -112.73 -188.76
-89.565 -93.565 -207.73
-104.18 -84.272 -207.93
-94.794 -77.734 -209.67
-123.55 -57.884 -207.15
-135.63 -13.669 -200.76
-132.72 -1.5643 -196.21
-131.66 10.607 -189.34
-122.43 26.095 -185.38
-129.44 33.754 -181.27
-130.47 46.941 -176.04
-137.78 55.815 -170.81
-111.64 73.979 -165.26
-121.18 69.622 -166.36
-111.83 87.27 -155.54
-123 81.365 -158.66
-99.206 90.122 -155.77
-89.037 88.688 -159.07
-100.76 101.43 -147.76
-92.323 111.04 -143.09
-82.099 103.98 -148.43
-63.585 114.25 -144.02
-61.887 146.73 -128
-60.786 157.53 -125.15
-36.116 180.51 -106.09
-49.755 186.23 -89.526
-39.519 184.97 -77.502
-30.637 183.68 -85.04
-23.212 179.22 -64.607
-15.725 176.54 -71.521
-25.302 181.92 -53.978
-4.1942 173.97 -76.893
15.299 168.92 -46.797
9.5678 169.47 -55.778
-3.2428 174.73 -54.654
41.085 160.69 -45.807
49.364 153.24 -39.111
49.325 156.19 -51.747
75.614 133.14 -38.106
75.09 131.57 -26.434
88.205 127.73 -46.09
85.656 125.56 -33.274
78.813 105.93 -7.145
89.665 107 -12.986
107.57 77.357 24.339
106.13 69.702 34.457
119.36 63.845 40.648
119.01 57.118 49.039
116.75 48.403 58.139
112.85 41.08 64.939
122.95 38.241 67.593
106.55 35.735 72.541
123.53 31.365 75.579
123.81 5.8562 89.379
117.24 20.388 93.527
107.13 4.2528 92.834
116.29 -4.0461 89.306
113.15 -42.849 89.538
116.99 -26.404 86.015
116.79 -61.708 74.239
125.73 -49.283 75.397
128.12 -66.847 61.743
119.73 -86.986 49.396
104.75 -97.532 44.123
122.16 -94.158 38.571
116.5 -106.81 24.736
113.32 -100.15 35.566
99.539 -125.87 2.6626
96.953 -121.06 12.227
102.46 -130.85 -8.745
71.397 -145.47 -35.27
73.738 -147.87 -60.109
66.094 -148.27 -75.678
47.617 -150.86 -49.692
63.104 -149.62 -61.766
40.047 -150.89 -80.018
6.913 -141.83 -117.06
10.737 -130.08 -145.7
-0.42235 -128.89 -150.23
6.1385 -125.51 -159.3
-38.527 -125.84 -158.35
-32.553 -122.6 -168.96
-26.531 -116.95 -182.68
-38.194 -118.04 -185.64
-52.472 -107.63 -204.32
-73.748 -98.496 -205.74
-103.17 -70.768 -209.58
-104.54 -48.505 -209.2
-93.549 -50.62 -214.25
-105.84 -22.05 -205.18
-100.25 -33.603 -207.79
-91.241 -17.915 -207.68
-117.84 -12.445 -202.5
-104.81 -5.7612 -202.94
-111.34 20.887 -191.48
-120.01 11.112 -193.09
-107.59 49.958 -180.1
-114.27 41.562 -182.95
-109.42 61.304 -173.58
-102.14 80.937 -162.06
-72.562 96.943 -156.13
-70.782 107.32 -148.11
-68.553 122.95 -138.54
-53.947 139.79 -128.06
-46.101 130.73 -134.28
-44.493 152.98 -122.61
-49.965 165.66 -122.25
-39.875 170 -116.71
-27.657 172.67 -110.13
-26.789 180.55 -75.262
-14.507 179.27 -87.499
3.058 172 -89.294
12.381 168.17 -83.823
20.529 163.9 -65.942
30.344 161.38 -60.625
39.552 157.15 -68.981
26.994 164.95 -47.248
41.059 157.97 -58.282
69.358 140.35 -45.69
57.102 150 -48.211
60.475 145.22 -39.375
79.253 135.33 -51.775
99.199 122.15 -46.882
107.64 103.37 -19.962
100.94 89.271 13.553
103.77 96.156 3.5672
117.22 72.503 30.513
106.66 61.054 43.655
108.11 52.783 53.021
130.95 46.284 61.573
136.27 -18.801 78.152
107.65 -23.503 90.598
124.24 -14.7 83.427
126.12 -31.139 79.741
134.32 -39.53 74.314
135.68 -59.56 60.602
130.77 -77.692 49.447
107.73 -116.59 14.779
110.6 -122.8 2.3408
105.09 -134.06 -19.14
117.11 -128.31 -11.756
93.416 -138.7 -24.319
87.756 -142.78 -33.815
103.73 -139.86 -37.056
81.188 -146.55 -68.136
79.556 -146.39 -50.239
60.187 -147.65 -85.351
40.183 -148.37 -91.372
23.698 -139.19 -122.22
32.742 -140.88 -116.96
14.353 -136.33 -129.82
26.054 -129.97 -143.88
-3.1153 -121.74 -169.26
-12.889 -115.97 -180.06
-20.141 -121.41 -170.03
-31.955 -113.83 -194.91
-19.972 -112.62 -192.15
-28.25 -106.11 -204.82
-49.398 -115.69 -194.46
-62.229 -96.408 -209.39
-43.007 -99.991 -210.07
-79.316 -90.977 -211.45
-88.698 -63.619 -209
-70.547 -62.451 -206.78
-94.117 -6.1176 -204.98
-118.38 0.30653 -200.08
-105.02 29.422 -189.64
-97.259 48.227 -183.62
-87.943 57.749 -180.77
-101.54 68.278 -171.82
-88.813 78.206 -167.1
-78.892 85.543 -163.67
-53.351 117.16 -143.02
-49.832 102.08 -147.55
-34.375 134.68 -126.87
-25.097 124.59 -126.11
-35.14 157.08 -119.14
-31.251 144.47 -121.75
-13.165 170.89 -105.38
-20.39 164.68 -110.5
-23.477 183.09 -98.283
9.3904 165.76 -102.5
-8.6231 177.84 -97.741
33.374 161.96 -93.569
21.01 164.87 -77.567
32.56 160.66 -76.916
67.646 144.04 -57.802
92.396 113.29 -21.121
97.83 117.95 -30.071
112.46 108.78 -27.947
115.43 101.52 -12.274
95.823 101.7 -5.8296
112.78 92.491 8.5511
115.01 82.765 16.659
123.41 95.625 8.9036
130.09 71.187 32.172
140.11 76.889 29.366
125.27 82.73 19.536
132.8 63.886 40.979
129.88 55.38 51.603
153.83 47.891 61.827
142.17 59.262 47.107
152.34 37.682 69.203
141.72 45.862 63.017
136.74 32.212 72.303
131.75 19.942 88.809
142.93 23.951 83.201
148.63 6.2508 82.901
128.26 -5.2609 86.332
134.46 -28.508 73.685
134.35 -49.925 68.242
138.04 -68.492 52.619
139.95 -80.075 40.619
135.96 -92.037 32.203
138.64 -108.32 9.2994
127.39 -105.31 20.563
124.01 -113.87 10.127
123.3 -120.78 -1.8039
111.26 -136.09 -30.71
103.72 -142.12 -49.872
124.25 -136.55 -55.21
118.46 -137.03 -44.182
90.384 -144.6 -49.795
51.038 -150.09 -77.436
40.333 -144.97 -105.42
33.401 -134.78 -131.82
46.004 -136.53 -124.76
42.57 -129.98 -140.25
17.37 -120.48 -168.56
17.989 -126.45 -153.93
26.595 -122.97 -161.41
-4.3232 -112.85 -185.76
-39.598 -109.2 -204.37
-54.117 -87.426 -216.37
-70.503 -81.149 -211.43
-83.549 -72.965 -208.32
-79.844 -51.253 -211.6
-84.34 -32.022 -215.47
-82.369 -42.848 -218.43
-73.933 -20.682 -217.55
-81.403 -14.253 -210.4
-100.22 10.852 -200.17
-99.966 21.668 -195.12
-88.225 35.821 -191.13
-88.821 20.741 -196.8
-86.38 69.855 -174.05
-75.581 77.505 -170.41
-74.374 65.413 -175.76
-63.493 68.907 -169.53
-67.689 88.308 -162.55
-60.647 99.89 -153.97
-40.604 102.94 -142.5
-38.996 121.22 -134.28
-17.708 137.8 -117.31
-14.632 128.33 -122.16
-20.116 153.91 -113.86
-2.8854 162.74 -105.26
14.584 154.26 -107.83
-2.3848 147.5 -112.5
22.912 165.77 -97.546
41.318 155.88 -98.605
28.475 157.04 -103.55
42.919 158.48 -88.326
49.753 153.55 -68.388
58.442 149.53 -59.78
66.272 144.19 -69.591
77.086 138.66 -65.343
70.15 139.95 -80.27
95.595 127.91 -67.231
103.39 123.11 -60.947
88.409 131.15 -56.716
110.4 118.18 -49.851
104.52 117.36 -38.991
116.13 111.98 -38.735
133.45 103.33 -17.601
122.25 104.81 -29.567
114.83 100.47 -1.6055
153.14 94.631 17.064
140.43 89.592 18.193
154.2 65.4 41.578
142.88 66.602 39.388
159.51 53.899 54.299
169.94 33.123 66.02
159.1 27.648 76.2
165.28 13.39 74.391
138.93 12.08 86.229
156.83 15.888 80.549
137.38 0.94806 85.364
148.7 -12.48 78.414
159.95 -11.467 75.126
144.86 -51.283 59.121
151.11 -63.476 46.258
148.12 -89.597 26.404
133.73 -115.24 1.5935
132.81 -120.85 -8.2905
126.59 -128.39 -18.627
129.26 -131.16 -30.008
131 -133.92 -46.933
108.17 -141.43 -64.083
97.05 -143.99 -69.307
95.227 -142.63 -83.885
105.1 -141.31 -76.586
83.861 -140.28 -101.62
70.84 -145.61 -89.634
80.064 -145.86 -79.121
52.222 -146.4 -95.856
52.989 -139.92 -114.97
55.296 -129.99 -137.45
38.395 -126.64 -150.18
39.989 -112.38 -177.63
33.373 -118.42 -168.98
-4.7599 -108.45 -196.53
-5.1121 -100.19 -204.62
8.5009 -106.07 -195.81
-15.316 -105.2 -202.39
-37.952 -89.423 -216.26
-27.737 -79.856 -216.7
-20.523 -95.256 -212.09
-68.502 -51.835 -209.22
-56.655 -70.469 -209.36
-67.105 -43.285 -215.6
-53.16 -38.34 -217.05
-73.732 -33.263 -221.01
-68.834 -8.3097 -213.92
-81.662 -3.2429 -208.11
-77.714 13.432 -202.61
-88.927 5.2734 -204.67
-67.99 17.039 -200.59
-86.375 46.022 -186.42
-73.634 42.649 -184.98
-50.328 56.25 -172.62
-65.328 51.596 -178.51
-38.429 74.436 -156.82
-49.332 89.334 -153.83
-39.313 83.937 -152.32
-15.515 117.92 -127.52
-30.641 114.55 -132.76
-2.699 123.24 -125.89
-6.2657 137.59 -117.66
17.439 140.08 -118.33
22.414 148.96 -112.75
53.264 151.16 -86.048
61.55 146.05 -81.156
86.307 132.97 -68.382
112.21 118.53 -74.261
122.73 115.93 -62.089
124.86 110.92 -46.89
136.37 98.302 10.182
127.34 100.85 -4.295
145.9 100.38 6.1455
140.51 103.53 -7.6133
151.88 85.612 24.716
150.35 75.488 33.576
167.2 78.049 35.736
172.08 46.147 59.041
168.99 25.3 73.388
160.38 1.421 78.714
167.94 -24.08 59.175
147.33 -21.946 73.639
154.14 -30.206 66.409
161.25 -19.688 68.037
142.74 -34.145 68.203
153.41 -43.427 57.956
161.97 -86.87 18.993
142.19 -97.861 20.354
154.35 -96.841 13.244
148.47 -106.13 5.3034
142.16 -116.27 -6.1355
148.28 -126.82 -40.205
143.96 -130.82 -55.603
125.3 -136.19 -72.969
105.55 -138.41 -91.055
111.61 -134.39 -100.96
116.09 -137.52 -82.386
66.794 -140.13 -110.05
65.157 -136.2 -120.18
61.995 -132.94 -129.69
56.952 -125.15 -146.94
46.472 -117.49 -166.95
23.221 -113.09 -179.84
5.0692 -114.96 -181.27
18.001 -107.76 -190.95
-15.207 -66.609 -215.96
-43.608 -72.774 -212.61
-28.034 -64.106 -212.35
-54.015 -57.727 -204.79
-61.517 -31.342 -223.89
-60.938 -14.7 -221.27
-73.635 5.101 -209.1
-60.799 1.9403 -213.29
-77.944 28.245 -193.09
-53.382 43.318 -181.06
-63.525 36.07 -188.8
-40.589 42.315 -179.78
-50.56 79.808 -159.32
-53.113 66.113 -167.55
-18.675 81.715 -151.84
-20.666 105.08 -134.49
-28.798 95.563 -140.87
4.1407 133.08 -120.84
6.2817 116.63 -131.2
11.622 125.59 -126.5
30.767 137.06 -122.44
37.712 150.56 -109.85
43.267 141.66 -119.17
47.365 149.73 -105.09
54.31 147.63 -96.123
60.718 141.39 -101.81
65.971 139.58 -92.132
79.24 135.55 -76.544
78.708 130.72 -89.871
86.015 129.45 -82.117
96.885 124.22 -79.063
105.45 114.98 -93.001
121.58 109.16 -89.88
112.05 115.2 -84.791
121.97 113.5 -78.75
139 108.35 -58.714
137.13 102.76 -27.79
134.94 105.9 -45.273
149.41 103.06 -27.007
163.7 85.721 27.992
175.58 85.488 26.779
178.18 73.919 39.761
169.1 66.597 42.839
170.18 57.704 49.681
188.1 24.877 64.254
181.2 5.3301 58.885
170.86 4.1858 68.44
168.91 -7.3678 69.55
177.27 -12.939 57.903
161.32 -35.455 56.508
153.61 -52.212 51.97
161.8 -54.398 44.401
172.29 -41.22 43.242
157.8 -73.802 33.154
173.03 -79.122 17.482
165.8 -65.743 33.8
167.14 -93.06 9.0297
159.78 -102.09 2.6015
164.52 -109.82 -12.649
138.68 -125.93 -24.46
150.95 -122 -26.97
137.43 -130.55 -38.102
153.74 -126.64 -54.707
127.08 -133.96 -86.433
118.88 -126.99 -114.21
93.353 -134.93 -111.28
98.369 -137.15 -101.46
97.468 -130.29 -120.23
104.8 -132.54 -111.88
82.855 -134.01 -119.24
73.96 -129.68 -131.36
51.808 -121.62 -157.69
59.151 -112.96 -169.43
29.008 -107.02 -189.37
20.894 -99.825 -199.74
32.599 -95.959 -201.31
9.413 -80.049 -218.91
-1.777 -91.577 -212.1
8.9122 -93.215 -208.39
-14.659 -86.079 -217.04
-6.9224 -78.351 -216.63
-27.588 -52.679 -209.68
-40.177 -62.531 -209.25
-42.807 -41.933 -213.83
-45.978 -50.217 -207.18
-56.963 -48.407 -209.9
-49.928 -24.681 -227.64
-50.276 -12.8 -225.13
-51.535 -1.5885 -219.5
-55.525 13.641 -208.14
-50.66 21.068 -200.03
-60.146 24.461 -193.26
-49.325 34.775 -187.53
-40.331 50.887 -172.57
-8.1522 84.572 -152
-17.493 94.999 -142.05
-0.07694 107.86 -135.66
-9.5559 103.25 -137.37
16.674 115.41 -135.32
13.379 105.14 -142.13
24.4 126.06 -130.2
42.767 130.84 -128.79
43.716 115.4 -140.71
34.557 120.37 -138.17
56.337 138.69 -117.47
93.279 122.07 -90.003
136.73 104.53 -86.075
131.81 112.25 -69.335
145.59 103.23 -50.607
157.7 100.83 -57.016
144.62 101.54 -37.633
160.23 100.23 -38.296
154.28 104.8 -9.4646
168.69 105.58 -6.0554
171.54 103.85 -22.124
156.93 102.46 3.9437
164.52 91.777 18.889
176.73 91.918 15.264
182.48 57.458 50.254
181.1 32.881 60.729
182.66 46.842 56.979
188.72 14.368 58.823
204.02 23.544 52.905
178.27 18.1 66.765
176.36 -30.231 47.561
184.7 -16.083 48.718
185.79 -47.352 28.928
182.71 -39.427 35.488
173.85 -50.108 36.732
176.24 -59.779 29.182
177.81 -70.243 21.432
176.33 -85.826 9.5698
171.88 -103.16 -9.03
179.37 -92.858 0.44856
186.2 -94.315 -8.7368
153.47 -113.66 -9.457
158.52 -115.86 -19.624
160.59 -118.81 -30.237
172.23 -110.14 -20.838
166.83 -120.46 -51.819
148.21 -129.21 -68.712
148.79 -127.14 -82.253
136.59 -133.04 -70.15
134.96 -129.32 -95.199
122.38 -131.93 -100.98
129.41 -120.02 -121.71
103.71 -124.09 -128.72
86.922 -126.31 -132.88
99.323 -117.02 -145.9
71.953 -125.2 -142.13
85.603 -120.89 -144.77
67.602 -121.11 -153.03
76.058 -115.87 -159.65
57.618 -105.16 -183.49
72.244 -110.4 -169.03
40.354 -102.69 -192.54
55.95 -95.835 -196.1
23.293 -79.385 -218.29
21.917 -87.604 -211.58
-4.2613 -53.142 -214.96
-14.651 -56.369 -212.01
-14.625 -42.874 -217.13
-36.792 -32.724 -221.22
-26.157 -34.227 -220.04
-32.787 -24.253 -228.02
-16.404 -25.024 -227.44
-38.88 -4.7289 -222.51
-40.118 22.382 -200.39
-29.337 29.526 -192.71
-39.124 31.619 -189.25
-29.356 42.546 -182.59
-28.841 52.283 -173.66
-33.447 64.441 -162.17
-23.571 61.939 -166.48
-17.992 55.635 -173.92
-23 70.74 -159.64
-11.049 64.229 -168.21
-6.4797 75.778 -159.55
4.2708 80.611 -158.21
-2.6536 92.729 -146.61
4.196 99.952 -142.32
17.54 98.446 -149.43
47.069 104.15 -150.12
52.943 124.77 -130.94
56.171 107.9 -143.94
63.569 128.46 -121.82
68.589 133.48 -110.06
76.282 123.99 -109.17
73.237 132.05 -99.34
84.412 121.82 -100.21
96.122 115.4 -100.84
111.31 108.19 -101.08
128.34 103.75 -96.106
143.52 106.72 -72.549
153.84 104.87 -67.973
153.3 101.82 -80.441
171.5 101.68 -32.446
161.13 103.25 -27.916
177.95 104.95 -13.311
187.66 101.17 -9.3717
184.24 98.196 6.743
197.69 71.815 32.029
186.37 78.445 32.046
190.66 68.719 40.24
206.66 53.918 45.31
196.37 57.747 50.546
193.6 34.842 56.928
205.36 42.045 47.187
198.28 46.325 54.19
187.03 -1.2131 52.311
188.32 -22.779 40.917
188.85 -65.898 16.99
187.42 -78.263 7.9682
189.7 -85.402 -0.70704
173.71 -113.59 -32.093
159.49 -122.06 -40.692
175.1 -116.03 -44.963
166.28 -121.48 -63.306
159.3 -124.15 -71.006
129.95 -126.77 -107
147.85 -121.63 -102.71
136.89 -121.21 -113.63
86.064 -115.31 -154.93
96.239 -111.05 -155.95
90.67 -107.72 -164.61
84.637 -103.35 -175.55
97.535 -99.402 -173.74
34.342 -88.343 -208.7
32.715 -68.564 -224.43
40.187 -78.455 -216.25
18.409 -67.982 -220.49
36.396 -57.18 -224.61
3.2423 -65.956 -216.22
-3.4672 -42.715 -219.83
8.6053 -49.987 -216.65
-26.613 -8.2042 -224.97
-9.9422 1.81 -221.92
-36.585 -14.335 -226.86
-11.191 11.347 -215.48
-43.805 10.645 -214.31
-35.658 15.858 -208.74
14.989 78.107 -164.91
17.7 69.669 -173.8
26.418 93.784 -156.98
30.721 111.09 -145.02
35.748 101.97 -154.43
55.766 89.291 -157.11
62.281 115.86 -133.19
84.081 114.98 -112.13
104.66 104.91 -108.58
124.34 100.23 -107.87
126.9 97.287 -124.58
115.68 98.425 -116.52
134.07 100.64 -113.31
138.59 100.54 -97.981
176.73 96.346 -64.616
182.19 102.18 -29.194
198.11 95.897 -33.22
198.74 94.674 -11.748
171.89 102.14 4.1077
189.53 87.212 19.923
196.01 92.969 6.5347
199.08 80.823 24.458
220.34 61.229 29.939
210.34 61.135 36.649
221.92 46.921 32.885
223.06 34.752 30.698
212.42 39.914 39.531
212.42 15.969 40.28
208.38 5.8254 39.547
200.4 13.667 51.08
201.96 -6.2814 38.705
199.45 3.0529 46.106
195.38 -29.651 31.613
193.61 -12.629 42.606
202.4 -34.099 23.939
195.46 -54.265 18.361
208.27 -45.935 13.204
200.46 -43.848 20.01
202.69 -58.151 11.062
194.92 -96.076 -20.838
206.16 -92.54 -30.704
183.83 -103.59 -21.676
185.16 -107.17 -33.347
182.91 -114.08 -59.726
190.32 -108.05 -78.304
178.01 -115.94 -69.126
161.35 -121.31 -84.62
169.35 -115.64 -95.319
147.08 -125.48 -92.845
159.76 -118.16 -99.565
149.61 -117.36 -112.72
147.58 -108.66 -128.12
134.8 -111.18 -133.53
115.69 -118.19 -133.98
100.85 -104.25 -164.24
108.27 -108.27 -153.93
114.19 -100.38 -162.61
68.85 -100.98 -185.34
63.491 -89.858 -200.52
76.643 -89.217 -197.78
60.105 -83.079 -208.64
73.517 -81.868 -206.3
48.725 -88.102 -206.15
49.287 -63.64 -226.17
-4.9615 -27.078 -226.5
-2.1138 -11.199 -227.49
-12.587 -14.367 -228.15
-25.349 7.2737 -218.35
-20.118 26.233 -197.57
-16.488 33.605 -190.42
-2.1141 54.281 -180.12
-11.595 49.796 -181.36
0.76211 67.174 -169.17
28.471 59.35 -185.14
13.397 59.177 -180.73
32.6 77.439 -173.09
26.254 85.058 -163.83
12.569 88.169 -155.57
39.29 94.141 -162.07
70.917 108.59 -128.86
71.911 117.07 -120.98
83.759 101.28 -122.27
94.774 95.738 -123.92
85.869 91.873 -133.38
94.394 106.96 -112.25
101.08 88.163 -133.92
151.37 101.53 -92.982
164.85 101.67 -98.317
166.72 101.06 -72.201
182.58 96.986 -82.209
185.98 96.529 -92.224
170.55 99.245 -89.78
199.83 86.856 -69.33
190.93 92.58 -70.019
172.43 98.445 -45.019
188.29 93.854 -58.874
188 98.4 -38.117
192.76 102.37 -25.192
203.16 89.597 -2.9927
207.98 90.481 -17.015
212.42 84.224 -4.4108
209.31 81.054 19.649
212.44 68.818 27.663
219.35 68.379 16.384
226.61 24.434 27.582
212.27 26.918 43.694
219.18 13.641 31.669
213.11 -3.8458 29.951
207.39 -15.706 29.17
218.67 -14.231 19.533
216.4 -39.927 9.701
214.22 -29.354 16.653
211.83 -59.648 1.5079
203.11 -69.583 2.7731
221.87 -48.246 -0.9288
232.59 -50.275 -12.575
203.65 -78.953 -7.8652
214.85 -75.664 -15.64
219.72 -65.971 -10.701
213.78 -81.822 -24.466
221.72 -78.015 -31.723
198.14 -88.96 -13.071
189.17 -108.12 -44.501
195.81 -100.54 -34.069
206.59 -97.267 -49.92
197.32 -105.08 -61.642
172.9 -116.75 -83.108
181.9 -111.06 -87.243
154.91 -110.31 -120.56
151.64 -101.52 -135.59
115 -112.66 -142.94
130.58 -89.918 -163.86
103.89 -82.013 -194.44
109.64 -87.488 -179.54
82.101 -94.635 -188.8
51.078 -76.386 -216.07
47.94 -52.425 -226.43
18.753 -46.922 -216.69
35.832 -35.209 -217.39
29.716 -49.247 -220.43
28.308 -25.787 -222.27
6.5135 -31.68 -225.21
21.532 -36.385 -219.34
3.1101 -19.667 -231.13
15.369 -22.451 -227.01
4.3286 9.2212 -218.82
-21.893 19.451 -205.65
-4.9195 17.962 -208.38
5.8376 18.235 -208.72
13.205 25.351 -201.59
-7.1823 40.732 -187.48
-6.5691 26.935 -197.98
6.3302 38.313 -190.24
18.027 50.648 -186.74
36.622 69.169 -180.57
45.515 86.059 -166.36
75.652 73.558 -155.38
64.865 100.17 -143.04
74.936 92.445 -137.6
100.47 76.678 -149.49
108.39 94.193 -125.44
134.78 95.152 -137.58
137.92 98.958 -123.31
150.2 99.555 -129.09
143.73 100.89 -107.27
154.39 100.88 -103.61
159.45 101.33 -113.32
148.47 101.22 -118.23
178.57 101.63 -117.48
178.15 101.36 -103.1
199.99 88.399 -80.667
211.03 79.427 -80.573
190.2 95.531 -48.504
203.04 85.57 -57.057
201.54 89.799 -45.478
206.91 88.744 -33.287
209.22 84.896 9.0061
215.14 76.723 5.2995
226.1 59.134 4.7817
223.14 68.124 -4.451
227.28 58.111 21.023
231.68 47.942 20.971
231.88 27.468 18.94
236.19 23.814 9.7295
230.05 12.825 19.094
222.68 -1.8542 21.279
222.35 -22.781 12.11
230.23 -37.588 -2.5
227.76 -65.961 -22.238
217.43 -86.961 -40.454
215.95 -90.488 -50.397
198.18 -101.59 -85.023
165.96 -110.29 -110.74
160.1 -103.33 -126.73
136.8 -103.89 -141.75
144.8 -95.479 -148.84
125.26 -101.51 -153.75
135.16 -81.806 -169
115.22 -92.627 -170.44
99.58 -90.454 -184.12
87.241 -85.881 -198.57
85.105 -76.407 -206.72
77.078 -67.224 -214.46
75.414 -59.003 -221.78
93.852 -60.167 -214.2
62.593 -74.115 -214.18
65.863 -64.53 -220.8
60.524 -58.176 -227.96
57.749 -47.926 -227.52
40.176 -19.488 -222.07
8.5462 -3.312 -225.44
26.781 -6.7299 -230.9
50.956 77.019 -171.73
58.444 61.997 -184.59
66.055 83.781 -153.52
81.956 80.275 -147.26
91.498 84.527 -141.4
106.27 69.62 -156.87
112.96 77.292 -149.18
113.43 88.24 -136.45
124.48 78.601 -151.99
123.68 94.002 -134.43
160.8 101.74 -124.51
197.8 91.648 -94.373
190.07 98.923 -103.79
206.39 84.37 -89.304
222.42 70.432 -52.746
210.68 77.81 -61.31
210 83.677 -42.889
220.98 78.157 -23.728
218.5 78.679 -35.484
220.02 79.368 -10.239
234.5 43.603 9.0804
236.42 12.902 9.4301
230.07 1.1566 14.257
243.64 -34.671 -19.666
234.18 -57.802 -24.181
235.79 -66.797 -37.655
226.86 -77.571 -41.876
206.42 -98.766 -64.811
221.81 -85.054 -73.344
220.39 -88.22 -62.974
198.51 -103.21 -72.666
187.97 -105.12 -93.708
178.98 -105.67 -105.57
194.4 -99.141 -99.63
175.27 -100.66 -118.66
189.42 -96.715 -111.08
168.93 -95.893 -131.11
184.55 -93.405 -121.67
155.53 -92.875 -144.01
140.52 -88.797 -157.56
145.99 -79.854 -162.8
126.58 -80.624 -175.49
134.27 -73.74 -177.97
114.57 -80.548 -186.69
116.23 -66.874 -197.69
105.94 -71.54 -202.21
95.438 -74.271 -205.48
103.2 -63.028 -210.25
83.943 -52.691 -222.59
68.773 -51.411 -227.21
77.511 -41.647 -224.58
59.21 -32.732 -222.07
41.598 -43.927 -221.87
60.818 -20.149 -217.55
49.702 -27.912 -218.71
46.435 3.4927 -230.93
23.365 21.403 -207.74
19.341 12.016 -217.97
22.416 34.461 -195.25
42.039 30.27 -200.79
37.022 23.531 -207.59
31.587 48.768 -191.62
33.534 35.849 -196.34
43.882 51.149 -192.53
41.931 62.108 -187.56
50.133 69.502 -181.22
63.688 53.312 -187.53
55.506 48.297 -194
60.743 72.185 -168.88
79.104 66.632 -163.18
89.913 73.9 -153.49
92.189 66.043 -161.36
131.54 73.499 -158.54
124.77 65.057 -163.24
149.34 83.794 -155.39
143.07 91.911 -147.35
131.54 87.525 -147.07
167.1 98.361 -139.04
153.78 92.954 -146.53
171.81 102.09 -129.25
194.31 97.953 -113.47
203.54 89.423 -112.51
220.05 74.828 -104.39
218.19 74.499 -86.971
228.33 59.802 -70.089
229.82 54.199 -4.4093
232.31 56.464 -15.942
236.06 43.103 -7.0428
237.84 35.871 1.2275
242.48 18.585 -3.5786
243.91 0.42344 -5.8647
237.09 0.72361 6.2676
230.07 -8.7939 10.158
231.34 -22.124 3.3241
237.56 -13.287 -0.03871
237.21 -27.385 -5.3431
238.16 -38.253 -10.792
239.78 -47.498 -23.113
224.52 -82.332 -53.541
242.97 -62.431 -62.592
235.09 -70.518 -48.77
231.1 -76.435 -68.765
213.65 -93.397 -70.965
202.93 -95.674 -93.954
210.59 -94.253 -82.784
200.11 -92.347 -106.92
213.33 -85.811 -95.973
199.13 -83.879 -117.96
188.98 -85.141 -126.89
177.11 -77.418 -142.84
155.87 -84.863 -150.84
148.22 -70.006 -169.79
157.93 -66.544 -164.87
147.45 -58.139 -179.23
124.6 -74.72 -184.98
135.56 -63.396 -184.93
112.67 -59.194 -205.95
100.03 -48.849 -217.7
115.99 -41.276 -213.98
71.218 -30.12 -220.77
88.991 -38.259 -221.09
81.457 -21.373 -217.35
51.724 -8.9864 -224.22
59.38 2.5579 -227.86
32.481 7.2755 -226.26
32.149 16.915 -214.9
45.344 12.253 -225.07
47.572 20.543 -214.33
72.31 62.622 -173.91
78.111 53.076 -180.81
82.978 58.345 -172.76
108.27 62.021 -165.72
121.8 57.823 -171.36
135.46 65.845 -166.01
159.95 64.492 -174.05
195.21 94.577 -125.1
191.38 91.087 -140.48
211.03 81.889 -103.67
221.96 68.22 -74.376
225.04 69.444 -95.232
231.48 60.939 -55.143
227.36 69.072 -42.751
229.49 65.755 -22.346
233.77 58.699 -37.743
235.44 55.275 -26.629
239.28 50.517 -41.847
243.36 41.96 -34.26
245.54 33.099 -28.132
240.44 42.564 -23.472
243.08 28.485 -13.82
250.08 -2.7783 -22.607
245.97 -10.257 -10.052
245.33 -46.395 -33.689
240.94 -60.589 -45.997
239.39 -65.549 -74.425
233.04 -71.603 -86.034
221.41 -82.875 -86.755
214.16 -69.12 -119.43
195.77 -75.951 -130.78
204.99 -66.924 -130.46
180.49 -84.65 -133.81
173.93 -69.507 -151.51
167.54 -84.552 -143.1
161.58 -75.053 -155.98
146.85 -46.465 -188.89
154.57 -39.17 -187.66
125.09 -58.252 -197.12
129.6 -43.801 -204.43
120.09 -50.002 -206.93
104.02 -32.097 -216.53
118.74 -30.424 -213.46
82.941 -10.002 -218.81
64.038 -6.0036 -222.84
72.046 -13.867 -218.45
58.866 19.815 -218.55
52.383 29.487 -203.42
59.149 38.415 -197.36
71.085 38.459 -192.86
95.189 57.893 -169.67
106.55 46.262 -181.61
90.321 50.673 -177.46
113.25 52.855 -175.71
142.65 60.969 -172.02
145.44 74.152 -162.01
154.75 71.189 -166.76
151.45 56.398 -178.86
164.68 78.513 -163.53
176.65 67.573 -173.2
174.41 87.87 -151.47
180.49 74.469 -165.97
177.32 95.299 -141.37
185.66 84.676 -152.31
205.25 83.472 -137.96
207.65 84.528 -126.78
221.26 69.869 -130.18
214.12 77.646 -133.05
224.54 66.923 -110.68
230.11 60.545 -90.642
229.61 57.52 -106.19
238.96 49.034 -71.256
232.87 53.734 -81.697
240.82 50.287 -58.398
250.3 27.087 -39.494
248.3 22.588 -23.527
253.46 1.3979 -32.114
247.58 11.781 -16.231
251.74 -19.075 -29.614
246.63 -22.675 -17.651
251.36 -33.546 -37.553
253.38 -39.344 -56.414
246.58 -53.733 -71.464
248.31 -51.856 -59.892
239.64 -61.687 -85.281
245.48 -52.21 -82.537
234.24 -62.65 -96.165
219.02 -77.692 -101.12
227.14 -68.62 -102.46
221.04 -70.442 -111.35
209.37 -83.77 -107.18
186.09 -58.805 -149.23
185.65 -68.636 -143.85
170.01 -61.731 -159.05
175.94 -51.649 -160.86
162.33 -55.391 -168.89
165.03 -46.135 -173.88
154.27 -49.242 -180.5
137.94 -44.933 -197.08
127.82 -36.306 -211.69
132.59 -21.166 -210.87
90.481 -2.474 -220.18
78.344 0.30888 -223
73.232 8.6624 -227.93
89.111 19.265 -215.82
61.361 13.496 -227.94
71.611 22.123 -214.08
66.927 29.475 -203.96
92.92 42.987 -184.99
86.252 34.152 -195.06
111.97 38.634 -188.89
126.37 39.336 -190.29
119.02 44.701 -183.61
128.93 50.263 -179.27
199.56 84.071 -149
217.86 68.17 -144.96
207.22 77.167 -151.66
217.79 77.533 -116.76
224.42 64.898 -121.1
236.96 50.025 -92.658
244.89 41.954 -46.265
247.82 37.879 -60.92
254.57 17.58 -46.327
254.96 13.115 -36.349
255.08 -20.28 -42.282
255.76 -31.783 -66.432
248.25 -47.483 -46.45
254.03 -30.287 -48.8
241.23 -49.003 -99.222
249.14 -43.032 -89.45
246.83 -33.581 -99.894
236.24 -49.52 -109.29
218.9 -53.394 -126.65
225.08 -60.006 -115.53
207.16 -44.811 -142.44
203.81 -56.99 -137.82
194.88 -62.482 -140.92
194.5 -52.134 -147.21
182.08 -42.274 -162.24
160.12 -27.734 -191.98
147.63 -33.925 -198.21
137.93 -34.551 -205.24
119.83 -14.706 -213.53
119.42 -3.0066 -215.87
101.44 -19.831 -216.19
106.06 -10.047 -217.7
91.255 7.9164 -224.05
100.85 -0.47137 -220.14
83.312 27.307 -204.57
97.997 27.962 -201.3
112.47 30.692 -198.09
109.02 21.962 -209.81
101.06 35.053 -191.96
136.09 43.22 -187.67
170.15 32.115 -196.95
158.6 50.492 -185.48
168.18 56.041 -181.32
165.62 41.883 -190.91
178.88 58.766 -179.01
187.18 66.075 -171.37
192.91 76.212 -160.01
210.2 63.919 -162.05
224.33 59.094 -144.74
225.55 59.381 -132.74
229.17 53.463 -123.48
241.24 29.111 -114.42
236.62 47.38 -104.42
244.58 41.334 -83.882
242.6 39.732 -98.345
247.54 37.663 -73.793
252.25 25.39 -59.145
256.86 13.427 -70.148
256.59 5.2833 -48.843
256.96 11.765 -58.845
256.13 -9.2652 -42.781
256.64 -20.436 -52.996
257.71 -4.1858 -55.031
253.03 -32.367 -80.451
252.39 -41.13 -74.186
228.24 -48.426 -121.25
241.06 -39.884 -108.65
217.82 -41.541 -134.85
197.63 -42.478 -150.38
171.3 -32.954 -177.57
152.8 -23.989 -202
129.45 -10.485 -212.04
100.98 13.224 -223.58
111 15.371 -219.66
119.76 26.086 -206.28
139.99 36.373 -196.03
129.54 29.496 -203.56
145.13 27.293 -202.94
150.42 42.99 -190.79
173.3 20.022 -199.84
182.76 37.598 -192.45
181.84 47.879 -186.19
190.33 56.351 -179.24
197.41 67.49 -166.48
203.3 54.147 -174.58
221.84 58.854 -155.93
228.64 48.331 -147.17
235.05 33.709 -127.72
234.91 42.596 -120.38
246.62 29.307 -98.759
248.9 30.969 -83.164
253.17 22.362 -74.468
251.16 22.746 -90.624
255.02 14.984 -82.493
257.42 2.5963 -69.57
258.25 -20.396 -65.573
256.65 -10.106 -78.72
252.91 -26.002 -90.149
254.85 -7.9612 -90.838
250.75 -18.534 -101.24
242.58 -26.792 -115.75
233.51 -32.065 -124.08
221.75 -31.106 -136.44
223.51 -12.648 -143.51
215.11 -23.954 -146.46
193.07 -27.123 -163.03
189.57 -16.559 -173.4
198.1 -16.03 -166.26
182.26 -29.125 -171
177.58 -15.817 -185.34
169.14 -18.143 -191.44
150.22 -6.749 -208.35
159.05 -15.538 -203.25
144.87 -19.024 -208.58
138.3 -0.45997 -211.22
128.06 3.1186 -214.8
126.3 15.055 -216.83
159.08 22.567 -203.63
182.66 22.638 -194.76
192.74 34.344 -187.94
193.15 48.02 -185.57
202.61 38.542 -180.93
212.85 53.824 -168.86
224.12 49.147 -163.78
232.91 27.296 -136.72
231.46 43.486 -133.07
255.58 1.9245 -83.364
254.41 3.2885 -93.953
248.95 0.55521 -108.6
249.92 14.138 -106.1
244.87 3.7924 -118.93
247.63 -15.487 -111.57
239.8 -13.62 -125.51
233.14 -21.206 -129.87
199.81 -29.815 -155.19
211.42 -16.924 -153.84
197.43 -3.4664 -173.86
177.9 -3.0451 -193.3
172.04 8.868 -200.41
161.62 -4.2098 -204.64
161.8 8.0004 -205.72
193.68 23.877 -189.05
204.56 25.229 -181.58
211.44 41.342 -174.29
221.1 25.373 -163.39
225.93 34.825 -159.55
229.04 37.896 -144.61
242.63 18.562 -121.44
233.8 13.61 -139.71
238.01 6.3353 -128.65
230.51 -2.2703 -136.52
228.14 26.421 -148.41
228.31 5.672 -145.3
220.42 -2.7934 -152.36
206.08 -9.5632 -162.24
214.56 19.906 -169.74
202.45 8.3516 -176.12
220.54 9.1306 -157.55
211.27 1.2858 -162.39
192.96 8.7774 -186.39
184.38 -5.7418 -185.43
184.19 6.3342 -193.21
-214.17 49.47 9.3542
-221.45 41.726 -5.6117
145.82 18.45 -209.08
137.24 13.819 -214.72
