16 11 1
1 5 16
11 3 1
16 2 11
5 18 16
1 7 5
3 10 1
11 12 3
2 14 11
16 17 2
18 23 16
5 4 18
7 4 5
7 6 4
1 19 7
10 19 1
10 8 19
3 9 10
12 9 3
12 13 9
11 14 12
14 13 12
14 30 13
2 21 14
17 15 2
16 23 17
23 22 17
18 24 23
4 25 18
6 39 4
7 19 6
19 26 6
8 26 19
8 20 26
10 44 8
9 48 10
13 28 9
30 52 13
14 21 30
21 32 30
2 15 21
15 32 21
15 33 32
17 22 15
22 56 15
23 36 22
24 37 23
18 25 24
25 61 24
4 39 25
39 63 25
6 40 39
26 40 6
26 41 40
20 41 26
20 42 41
8 44 20
44 45 20
10 48 44
48 46 44
9 27 48
28 27 9
28 29 27
13 52 28
52 29 28
52 51 29
30 31 52
32 31 30
32 54 31
33 53 32
15 34 33
56 34 15
56 83 34
22 35 56
36 35 22
36 86 35
23 37 36
37 58 36
24 61 37
61 58 37
61 91 58
25 38 61
63 38 25
63 64 38
39 65 63
40 65 39
40 66 65
41 68 40
42 98 41
20 43 42
45 43 20
45 47 43
44 46 45
46 47 45
46 101 47
48 49 46
27 49 48
27 73 49
29 73 27
29 75 73
51 76 29
52 50 51
31 50 52
31 78 50
54 78 31
54 104 78
32 53 54
53 104 54
53 55 104
33 80 53
34 81 33
83 82 34
56 35 83
35 57 83
86 85 35
36 59 86
58 59 36
58 60 59
91 60 58
91 89 60
61 92 91
38 92 61
38 64 92
64 62 92
63 95 64
65 95 63
65 66 95
66 67 95
40 68 66
68 67 66
68 97 67
41 98 68
98 121 68
42 99 98
43 69 42
47 70 43
101 71 47
46 49 101
49 72 101
73 72 49
73 74 72
75 74 73
75 102 74
29 76 75
76 103 75
51 132 76
50 77 51
78 79 50
104 136 78
55 105 104
53 80 55
80 108 55
33 81 80
81 108 80
81 107 108
34 82 81
82 109 81
83 84 82
57 84 83
57 111 84
35 85 57
85 111 57
85 110 111
86 87 85
59 87 86
59 88 87
60 88 59
60 114 88
89 114 60
89 116 114
91 90 89
92 90 91
92 62 90
62 93 90
64 94 62
95 94 64
95 118 94
67 118 95
67 96 118
97 119 67
68 121 97
121 120 97
98 123 121
99 123 98
99 125 123
42 69 99
69 157 99
43 70 69
70 126 69
47 71 70
71 128 70
101 100 71
72 100 101
72 74 100
74 129 100
102 129 74
102 131 129
75 103 102
76 132 103
132 2594 103
51 77 132
77 134 132
50 79 77
79 135 77
78 136 79
136 164 79
104 137 136
105 137 104
105 106 137
55 106 105
55 138 106
108 138 55
108 139 138
107 139 108
107 140 139
81 109 107
109 141 107
82 84 109
84 141 109
84 142 141
111 143 84
110 143 111
110 174 143
85 146 110
87 146 85
87 112 146
88 112 87
88 113 112
114 113 88
114 147 113
116 147 114
116 228 147
89 115 116
90 150 89
93 150 90
93 181 150
62 94 93
94 153 93
118 154 94
96 117 118
67 119 96
119 186 96
97 120 119
120 156 119
121 122 120
123 122 121
123 190 122
125 190 123
125 193 190
99 157 125
157 124 125
69 126 157
126 127 157
70 158 126
128 158 70
128 199 158
71 159 128
100 159 71
100 160 159
129 160 100
129 130 160
131 130 129
131 161 130
102 2595 131
132 134 2594
134 133 2594
77 135 134
135 163 134
79 164 135
164 163 135
164 207 163
136 165 164
137 165 136
137 166 165
106 169 137
138 167 106
139 170 138
140 172 139
107 141 140
141 173 140
142 144 141
84 143 142
143 144 142
143 174 144
174 270 144
110 145 174
146 145 110
146 176 145
112 179 146
113 178 112
147 149 113
228 149 147
228 148 149
116 115 228
115 151 228
89 150 115
150 181 115
181 151 115
181 182 151
93 153 181
153 152 181
94 154 153
154 152 153
154 234 152
118 117 154
117 184 154
96 185 117
186 185 96
186 155 185
119 156 186
156 187 186
120 188 156
122 190 120
190 189 120
193 191 190
125 124 193
124 195 193
157 127 124
127 196 124
126 158 127
158 199 127
199 197 127
128 247 199
159 247 128
159 160 247
160 200 247
130 200 160
130 203 200
161 203 130
161 250 203
131 251 161
2595 251 131
2595 162 251
133 205 2594
134 163 133
163 206 133
207 258 163
164 165 207
165 208 207
166 208 165
166 209 208
137 169 166
169 168 166
106 167 169
167 168 169
167 212 168
138 171 167
170 171 138
170 213 171
139 172 170
172 213 170
172 214 213
140 217 172
173 217 140
173 265 217
141 144 173
144 219 173
270 221 144
174 175 270
145 175 174
145 176 175
176 222 175
146 179 176
179 177 176
112 178 179
178 223 179
113 180 178
149 180 113
149 225 180
148 225 149
148 277 225
228 229 148
151 231 228
182 230 151
181 152 182
152 183 182
234 183 152
234 235 183
154 184 234
184 238 234
117 185 184
185 236 184
155 236 185
155 237 236
186 239 155
187 239 186
187 240 239
156 188 187
188 291 187
120 189 188
189 192 188
190 191 189
191 192 189
191 242 192
193 242 191
193 194 242
195 194 193
195 243 194
124 196 195
196 198 195
127 197 196
197 198 196
197 343 198
199 246 197
247 248 199
200 249 247
203 201 200
250 202 203
161 251 250
251 253 250
162 252 251
2595 254 162
205 254 2594
133 206 205
206 204 205
163 258 206
258 255 206
207 259 258
208 259 207
208 211 259
209 211 208
209 210 211
166 168 209
168 210 209
168 212 210
212 262 210
167 171 212
171 215 212
213 215 171
213 214 215
214 263 215
172 216 214
217 216 172
217 264 216
265 264 217
265 266 264
173 219 265
219 218 265
144 268 219
221 268 144
221 220 268
270 272 221
175 271 270
222 275 175
176 177 222
177 223 222
223 177 179
178 180 223
180 224 223
225 224 180
225 226 224
277 226 225
277 278 226
148 227 277
229 227 148
229 324 227
228 231 229
231 279 229
151 230 231
230 327 231
182 233 230
183 233 182
183 232 233
235 232 183
235 283 232
234 284 235
238 284 234
238 285 284
184 236 238
236 237 238
237 285 238
237 286 285
155 288 237
239 288 155
239 241 288
240 241 239
240 289 241
187 291 240
291 290 240
188 192 291
192 292 291
242 293 192
194 244 242
243 244 194
243 297 244
195 198 243
198 295 243
343 295 198
343 296 295
197 245 343
246 245 197
246 299 245
199 248 246
248 299 246
248 201 299
247 249 248
201 249 200
201 248 249
203 202 201
202 301 201
250 300 202
253 302 250
251 252 253
252 353 253
162 353 252
162 204 353
2595 2594 254
204 254 205
204 162 254
206 257 204
255 257 206
255 256 257
258 306 255
259 306 258
259 260 306
211 260 259
211 362 260
210 261 211
262 307 210
212 215 262
215 308 262
263 309 215
214 216 263
216 310 263
264 310 216
264 266 310
266 313 310
265 218 266
218 267 266
219 268 218
268 220 218
220 314 218
221 269 220
272 269 221
272 315 269
270 271 272
271 315 272
271 371 315
175 273 271
275 273 175
275 316 273
222 274 275
223 274 222
223 276 274
224 276 223
224 226 276
226 318 276
278 318 226
278 374 318
277 320 278
227 320 277
227 324 320
324 322 320
229 279 324
279 325 324
231 327 279
327 329 279
230 330 327
233 330 230
233 280 330
232 281 233
283 281 232
283 333 281
235 284 283
284 282 283
285 282 284
285 335 282
286 335 285
286 336 335
237 288 286
288 287 286
241 287 288
241 339 287
289 339 241
289 337 339
240 340 289
290 340 240
290 385 340
291 292 290
292 294 290
192 293 292
293 294 292
293 390 294
242 244 293
244 341 293
297 341 244
297 298 341
243 295 297
295 296 297
296 298 297
296 395 298
343 342 296
245 344 343
299 345 245
201 346 299
301 346 201
301 400 346
202 300 301
300 349 301
250 302 300
302 347 300
253 350 302
353 403 253
204 303 353
257 303 204
257 304 303
256 304 257
256 356 304
255 305 256
306 305 255
306 358 305
260 360 306
362 361 260
211 261 362
261 408 362
210 307 261
307 412 261
262 415 307
308 415 262
308 309 415
309 308 215
263 311 309
310 311 263
310 312 311
313 312 310
313 365 312
266 267 313
267 367 313
218 314 267
314 366 267
220 269 314
269 424 314
315 369 269
371 426 315
271 273 371
273 316 371
316 372 371
275 274 316
274 317 316
276 317 274
276 319 317
318 319 276
318 374 319
374 491 319
278 321 374
320 321 278
320 322 321
322 373 321
324 323 322
325 323 324
325 326 323
279 329 325
329 326 325
329 331 326
327 328 329
330 328 327
330 280 328
280 331 328
233 281 280
281 332 280
333 332 281
333 334 332
283 282 333
282 334 333
282 378 334
335 378 282
335 439 378
336 439 335
336 382 439
286 287 336
287 382 336
287 381 382
339 338 287
337 338 339
337 384 338
289 340 337
340 385 337
385 383 337
290 294 385
294 387 385
390 391 294
293 341 390
341 392 390
298 393 341
395 393 298
395 451 393
296 398 395
342 398 296
342 397 398
343 344 342
344 397 342
344 455 397
245 345 344
345 455 344
345 400 455
299 346 345
400 345 346
301 457 400
349 457 301
349 348 457
300 347 349
347 348 349
347 459 348
302 351 347
350 351 302
350 402 351
253 352 350
403 352 253
403 462 352
353 354 403
303 354 353
303 405 354
304 405 303
304 356 405
356 355 405
256 357 356
305 357 256
305 358 357
358 359 357
306 360 358
360 359 358
360 407 359
260 361 360
361 469 360
362 408 361
408 409 361
261 412 408
412 410 408
307 363 412
415 363 307
415 364 363
309 416 415
311 416 309
311 417 416
312 419 311
365 420 312
313 367 365
367 368 365
267 366 367
366 368 367
366 480 368
314 422 366
424 423 314
269 369 424
369 483 424
315 426 369
426 425 369
371 370 426
372 370 371
372 488 370
316 428 372
317 428 316
317 489 428
319 430 317
491 431 319
374 373 491
373 374 321
322 433 373
323 375 322
326 434 323
331 376 326
329 328 331
280 377 331
332 377 280
332 435 377
334 504 332
378 437 334
439 437 378
439 379 437
382 380 439
381 441 382
287 338 381
338 442 381
384 442 338
384 443 442
337 383 384
383 445 384
385 386 383
387 386 385
387 388 386
294 391 387
391 388 387
391 389 388
390 392 391
392 389 391
392 447 389
341 393 392
393 447 392
393 449 447
451 449 393
451 394 449
395 396 451
398 396 395
398 517 396
397 517 398
397 453 517
455 399 397
400 457 455
457 456 455
348 458 457
459 521 348
347 351 459
351 401 459
402 401 351
402 460 401
350 352 402
352 462 402
462 461 402
403 404 462
354 404 403
354 464 404
405 464 354
405 355 464
355 406 464
356 465 355
357 465 356
357 466 465
359 466 357
359 467 466
407 467 359
407 468 467
360 469 407
469 533 407
361 409 469
409 411 469
408 410 409
410 411 409
410 470 411
412 471 410
363 471 412
363 413 471
364 413 363
364 414 413
415 414 364
415 416 414
416 539 414
417 473 416
311 419 417
419 418 417
312 420 419
420 475 419
365 477 420
368 421 365
480 479 368
366 422 480
422 481 480
314 423 422
423 481 422
423 483 481
483 423 424
369 425 483
425 484 483
426 427 425
370 427 426
370 488 427
488 487 427
372 489 488
489 372 428
317 430 489
430 429 489
319 431 430
431 490 430
491 553 431
373 432 491
433 432 373
433 492 432
322 375 433
375 494 433
323 434 375
434 494 375
434 495 494
326 376 434
376 495 434
376 557 495
331 497 376
377 497 331
377 499 497
435 499 377
435 436 499
332 504 435
504 436 435
504 501 436
334 438 504
437 438 334
437 379 438
379 505 438
439 380 379
380 440 379
382 441 380
441 440 380
441 567 440
381 442 441
442 506 441
443 507 442
384 444 443
445 444 384
445 509 444
383 386 445
386 509 445
386 446 509
388 446 386
388 510 446
389 512 388
447 512 389
447 448 512
449 448 447
449 394 448
394 450 448
451 396 394
396 514 394
517 515 396
453 452 517
397 399 453
399 452 453
399 454 452
455 456 399
456 454 399
456 578 454
457 458 456
458 519 456
348 521 458
521 519 458
521 520 519
459 523 521
401 523 459
401 524 523
460 524 401
460 583 524
402 461 460
461 526 460
462 463 461
404 463 462
404 464 463
464 527 463
406 527 464
406 589 527
355 465 406
465 530 406
466 529 465
467 531 466
468 531 467
468 595 531
407 533 468
533 534 468
469 411 533
411 600 533
470 604 411
410 471 470
471 536 470
413 536 471
413 472 536
414 537 413
539 537 414
539 605 537
416 473 539
473 474 539
417 418 473
418 474 473
418 609 474
419 541 418
475 541 419
475 476 541
420 477 475
477 476 475
477 543 476
365 421 477
421 478 477
368 479 421
479 478 421
479 544 478
480 544 479
480 545 544
481 545 480
481 482 545
483 482 481
483 484 482
484 548 482
425 485 484
427 485 425
427 486 485
487 486 427
487 550 486
488 429 487
429 488 489
430 490 429
490 551 429
431 552 490
553 552 431
553 554 552
491 432 553
432 621 553
492 623 432
433 494 492
494 493 492
495 493 494
495 556 493
557 556 495
557 496 556
376 498 557
497 498 376
497 558 498
499 558 497
499 500 558
436 500 499
436 502 500
501 502 436
501 503 502
504 438 501
438 560 501
505 560 438
505 561 560
379 440 505
440 563 505
567 565 440
441 506 567
506 568 567
442 507 506
507 568 506
507 569 568
443 637 507
444 637 443
444 508 637
509 508 444
509 641 508
446 641 509
446 571 641
510 571 446
510 572 571
388 512 510
512 572 510
512 511 572
448 511 512
448 574 511
450 574 448
450 575 574
394 514 450
514 575 450
514 513 575
396 515 514
515 513 514
515 576 513
517 516 515
452 516 517
452 577 516
454 518 452
578 518 454
578 653 518
456 519 578
519 579 578
520 579 519
520 580 579
521 522 520
523 522 521
523 581 522
524 581 523
524 525 581
583 525 524
583 661 525
460 526 583
526 584 583
461 585 526
463 585 461
463 527 585
527 589 585
589 588 585
406 590 589
530 590 406
530 528 590
465 529 530
529 592 530
466 531 529
531 532 529
595 532 531
595 596 532
468 534 595
534 599 595
533 600 534
600 601 534
411 604 600
604 603 600
470 535 604
536 535 470
536 472 535
472 672 535
413 537 472
537 538 472
605 538 537
605 607 538
539 474 605
474 606 605
609 606 474
609 611 606
418 540 609
541 540 418
541 612 540
476 613 541
543 613 476
543 542 613
477 478 543
478 542 543
478 747 542
544 747 478
544 546 747
545 546 544
545 682 546
482 616 545
548 547 482
484 549 548
485 549 484
485 486 549
486 619 549
550 690 486
487 551 550
551 487 429
490 552 551
552 554 551
554 689 551
553 621 554
621 694 554
432 623 621
623 622 621
492 624 623
493 624 492
493 555 624
556 555 493
556 701 555
496 701 556
496 768 701
557 628 496
498 628 557
498 558 628
558 626 628
500 626 558
500 559 626
502 559 500
502 629 559
503 629 502
503 631 629
501 560 503
560 631 503
560 561 631
561 562 631
505 562 561
505 564 562
563 564 505
563 566 564
440 565 563
565 566 563
565 634 566
567 634 565
567 568 634
568 635 634
569 636 568
507 637 569
637 570 569
508 639 637
641 640 508
571 712 641
572 644 571
511 644 572
511 643 644
574 643 511
574 573 643
575 573 574
575 716 573
513 648 575
576 649 513
515 516 576
516 577 576
577 651 576
452 518 577
518 653 577
653 651 577
653 656 651
578 579 653
579 580 653
580 654 653
520 658 580
522 658 520
522 581 658
581 660 658
525 582 581
661 726 525
583 584 661
584 663 661
526 585 584
585 586 584
588 586 585
588 664 586
589 587 588
590 587 589
590 665 587
528 665 590
528 591 665
530 594 528
592 594 530
592 593 594
529 532 592
532 593 592
532 596 593
596 666 593
595 597 596
599 597 595
599 736 597
534 601 599
601 598 599
600 603 601
603 598 601
603 668 598
604 602 603
535 602 604
535 672 602
672 670 602
472 673 672
538 673 472
538 607 673
607 817 673
605 606 607
606 608 607
611 608 606
611 674 608
609 610 611
540 610 609
540 612 610
612 740 610
541 614 612
613 614 541
613 678 614
542 678 613
542 677 678
747 677 542
747 615 677
546 680 747
682 680 546
682 681 680
545 616 682
616 752 682
482 547 616
547 752 616
547 684 752
548 684 547
548 617 684
549 617 548
549 618 617
619 618 549
619 620 618
486 690 619
690 620 619
690 688 620
550 689 690
689 550 551
554 692 689
694 692 554
694 758 692
621 622 694
622 696 694
623 695 622
624 697 623
555 625 624
701 625 555
701 698 625
768 700 701
496 702 768
628 702 496
628 627 702
626 627 628
626 703 627
559 703 626
559 772 703
629 772 559
629 705 772
631 705 629
631 630 705
562 630 631
562 632 630
564 632 562
564 566 632
566 633 632
634 780 566
635 780 634
635 708 780
568 636 635
636 782 635
569 570 636
570 638 636
637 639 570
639 638 570
639 710 638
508 640 639
640 710 639
640 711 710
641 642 640
712 642 641
712 790 642
571 644 712
644 714 712
643 714 644
643 645 714
573 645 643
573 646 645
716 646 573
716 717 646
575 648 716
648 647 716
513 650 648
649 650 513
649 720 650
576 651 649
651 721 649
656 721 651
656 652 721
653 654 656
654 655 656
580 657 654
658 657 580
658 660 657
660 659 657
581 582 660
582 797 660
525 726 582
726 725 582
661 727 726
663 727 661
663 662 727
584 586 663
586 664 663
664 662 663
664 729 662
588 587 664
587 730 664
665 731 587
591 732 665
528 594 591
594 666 591
666 594 593
596 735 666
597 735 596
597 808 735
736 808 597
736 667 808
599 598 736
598 668 736
668 737 736
603 669 668
602 669 603
602 670 669
670 671 669
672 673 670
673 817 670
817 739 670
607 675 817
608 675 607
608 674 675
674 821 675
611 740 674
740 611 610
612 741 740
614 676 612
678 676 614
678 744 676
677 745 678
615 745 677
615 746 745
747 679 615
680 748 747
681 748 680
681 749 748
682 752 681
752 751 681
684 754 752
617 683 684
618 685 617
620 686 618
688 756 620
690 687 688
689 687 690
689 691 687
692 691 689
692 758 691
758 693 691
694 696 758
696 759 758
622 695 696
695 762 696
623 697 695
697 763 695
624 625 697
625 699 697
698 699 625
698 764 699
701 765 698
700 765 701
700 844 765
768 845 700
702 769 768
627 769 702
627 771 769
703 771 627
703 770 771
772 704 703
705 706 772
630 706 705
630 775 706
632 776 630
633 776 632
633 778 776
566 707 633
780 707 566
780 779 707
708 856 780
635 782 708
782 781 708
636 783 782
638 783 636
638 860 783
710 709 638
711 786 710
640 642 711
642 788 711
790 788 642
790 863 788
712 791 790
714 791 712
714 713 791
645 713 714
645 646 713
646 715 713
717 715 646
717 793 715
716 647 717
647 794 717
648 718 647
650 718 648
650 720 718
720 719 718
649 721 720
721 719 720
721 722 719
652 722 721
652 723 722
656 655 652
655 723 652
655 724 723
654 724 655
654 657 724
657 795 724
659 795 657
659 796 795
660 797 659
797 796 659
797 876 796
582 725 797
725 798 797
726 799 725
727 799 726
727 879 799
662 728 727
729 728 662
729 881 728
664 730 729
730 805 729
587 731 730
731 804 730
665 732 731
732 804 731
732 733 804
591 734 732
666 734 591
666 735 734
735 886 734
808 807 735
667 891 808
736 737 667
737 810 667
668 812 737
669 811 668
671 811 669
671 813 811
670 815 671
739 815 670
739 816 815
817 738 739
675 818 817
821 819 675
674 822 821
740 822 674
740 741 822
741 824 822
612 742 741
676 742 612
676 744 742
744 743 742
678 745 744
745 743 744
745 746 743
746 977 743
615 827 746
679 828 615
747 748 679
748 750 679
749 750 748
749 830 750
681 751 749
751 829 749
752 832 751
754 832 752
754 753 832
684 683 754
683 753 754
683 833 753
617 685 683
685 835 683
618 686 685
686 834 685
620 756 686
756 755 686
688 757 756
687 691 688
691 693 688
693 757 688
693 760 757
758 759 693
759 760 693
759 761 760
696 838 759
762 838 696
762 840 838
695 763 762
763 840 762
763 841 840
697 699 763
699 841 763
699 842 841
764 842 699
764 917 842
698 765 764
765 844 764
844 917 764
844 766 917
700 845 844
845 767 844
768 769 845
769 923 845
771 923 769
771 846 923
770 846 771
770 850 846
703 704 770
704 851 770
772 774 704
706 774 772
706 773 774
775 773 706
775 926 773
630 776 775
776 777 775
778 777 776
778 853 777
633 707 778
707 779 778
779 853 778
779 856 853
856 779 780
708 857 856
781 857 708
781 784 857
782 783 781
783 860 781
860 784 781
860 932 784
638 709 860
709 785 860
710 786 709
786 785 709
786 861 785
711 787 786
788 787 711
788 789 787
863 789 788
863 865 789
790 791 863
791 792 863
713 792 791
713 715 792
715 864 792
793 864 715
793 866 864
717 867 793
794 938 717
647 718 794
718 869 794
719 869 718
719 941 869
722 871 719
723 871 722
723 874 871
724 873 723
795 796 724
796 875 724
876 946 796
797 798 876
798 801 876
725 799 798
799 801 798
799 879 801
879 800 801
727 802 879
728 802 727
728 881 802
881 950 802
729 803 881
805 803 729
805 882 803
730 804 805
804 806 805
733 806 804
733 954 806
732 884 733
734 884 732
734 886 884
886 885 884
735 807 886
807 887 886
808 891 807
891 809 807
667 890 891
810 890 667
810 893 890
737 812 810
812 893 810
812 962 893
668 811 812
811 814 812
813 814 811
813 962 814
671 815 813
815 895 813
816 895 815
816 965 895
739 738 816
738 897 816
817 818 738
818 897 738
818 898 897
675 819 818
819 898 818
819 820 898
821 820 819
821 823 820
822 823 821
822 899 823
824 899 822
824 900 899
741 825 824
742 825 741
742 743 825
743 977 825
977 903 825
746 826 977
827 826 746
827 980 826
615 828 827
828 980 827
828 905 980
679 750 828
750 905 828
750 830 905
830 906 905
749 829 830
829 907 830
751 832 829
832 908 829
753 831 832
833 910 753
683 835 833
835 910 833
835 989 910
685 834 835
834 989 835
834 911 989
686 755 834
755 911 834
755 912 911
756 757 755
757 912 755
757 836 912
760 836 757
760 837 836
761 837 760
761 914 837
759 915 761
838 915 759
838 839 915
840 843 838
841 842 840
842 843 840
842 916 843
917 918 842
766 1000 917
844 920 766
767 922 844
845 923 767
923 921 767
846 847 923
850 847 846
850 848 847
770 851 850
851 849 850
704 774 851
774 924 851
773 924 774
773 926 924
926 1007 924
775 852 926
777 852 775
777 855 852
853 855 777
853 854 855
856 928 853
857 931 856
784 858 857
932 1016 784
860 859 932
785 859 860
785 1020 859
861 1020 785
861 933 1020
786 787 861
787 934 861
789 934 787
789 862 934
865 862 789
865 936 862
863 792 865
792 864 865
864 936 865
864 866 936
866 1026 936
793 867 866
867 937 866
717 938 867
938 939 867
794 868 938
869 868 794
869 870 868
941 870 869
941 942 870
719 871 941
871 872 941
874 872 871
874 873 872
873 874 723
724 875 873
875 944 873
796 946 875
946 944 875
946 1032 944
876 877 946
801 877 876
801 947 877
800 947 801
800 878 947
879 950 800
950 879 802
881 880 950
803 951 881
882 951 803
882 953 951
805 806 882
806 883 882
954 883 806
954 952 883
733 955 954
884 955 733
884 885 955
885 956 955
886 888 885
887 888 886
887 958 888
807 809 887
809 960 887
891 889 809
890 889 891
890 892 889
893 892 890
893 1044 892
962 963 893
812 814 962
813 1048 962
895 894 813
965 964 895
816 897 965
897 896 965
898 967 897
820 1054 898
823 968 820
899 968 823
899 901 968
900 901 899
900 971 901
824 902 900
825 902 824
825 903 902
903 974 902
977 973 903
826 904 977
980 904 826
980 981 904
905 982 980
906 982 905
906 1059 982
830 907 906
907 987 906
829 908 907
908 987 907
908 985 987
832 831 908
831 985 908
831 909 985
753 909 831
753 910 909
910 988 909
989 988 910
989 990 988
911 991 989
912 993 911
836 993 912
836 913 993
837 913 836
837 914 913
914 996 913
761 915 914
915 998 914
839 998 915
839 997 998
838 843 839
843 997 839
843 916 997
916 1071 997
842 918 916
918 999 916
917 1000 918
1000 999 918
1000 919 999
766 1002 1000
920 1004 766
844 922 920
922 1003 920
767 921 922
921 1003 922
921 1081 1003
923 847 921
847 848 921
848 1081 921
848 1085 1081
850 849 848
849 1088 848
851 1006 849
924 1006 851
924 1007 1006
1007 925 1006
926 927 1007
852 927 926
852 1008 927
855 1008 852
855 854 1008
854 1009 1008
853 929 854
928 929 853
928 1011 929
856 931 928
931 930 928
857 858 931
858 1013 931
784 1016 858
1016 1013 858
1016 1015 1013
932 1018 1016
859 1019 932
1020 1019 859
1020 1101 1019
933 1022 1020
861 1021 933
934 1021 861
934 1023 1021
862 1023 934
862 935 1023
936 935 862
936 1024 935
1026 1024 936
1026 1025 1024
866 937 1026
937 1027 1026
867 939 937
939 1027 937
939 940 1027
938 868 939
868 870 939
870 940 939
870 942 940
942 1029 940
941 872 942
872 943 942
873 943 872
873 944 943
944 1030 943
1032 945 944
946 948 1032
877 948 946
877 947 948
947 878 948
878 949 948
800 1033 878
950 880 800
880 1033 800
880 1034 1033
881 1035 880
951 1120 881
953 1121 951
882 883 953
883 952 953
952 1123 953
954 955 952
955 1038 952
956 1038 955
956 957 1038
885 888 956
888 958 956
958 957 956
958 1128 957
887 959 958
960 959 887
960 1129 959
809 961 960
889 961 809
889 892 961
892 1042 961
1044 1042 892
1044 1043 1042
893 963 1044
963 1045 1044
962 1048 963
1048 1047 963
813 894 1048
894 1135 1048
895 964 894
964 1135 894
964 1049 1135
965 1049 964
965 896 1049
896 1050 1049
897 967 896
967 1051 896
898 966 967
1054 966 898
1054 1140 966
820 968 1054
968 969 1054
901 969 968
901 970 969
971 1055 901
900 902 971
902 972 971
974 972 902
974 975 972
903 973 974
973 975 974
973 976 975
977 904 973
904 976 973
904 978 976
981 978 904
981 979 978
980 982 981
982 1058 981
1059 1058 982
1059 983 1058
906 1060 1059
987 1060 906
987 984 1060
985 986 987
909 1061 985
988 1064 909
990 1065 988
989 991 990
991 992 990
911 993 991
993 1066 991
913 1066 993
913 994 1066
996 994 913
996 995 994
914 998 996
998 1158 996
997 1070 998
1071 1070 997
1071 1161 1070
916 1073 1071
999 1074 916
919 1074 999
919 1001 1074
1000 1002 919
1002 1001 919
1002 1077 1001
766 1004 1002
1004 1077 1002
1004 1078 1077
920 1003 1004
1003 1079 1004
1081 1079 1003
1081 1005 1079
1085 1082 1081
848 1088 1085
1088 1086 1085
849 925 1088
925 849 1006
1007 1087 925
927 1089 1007
1008 1010 927
1009 1010 1008
1009 1091 1010
854 1093 1009
929 1093 854
929 1012 1093
1011 1012 929
1011 1094 1012
928 930 1011
930 1014 1011
931 1013 930
1013 1015 930
1015 1014 930
1015 1095 1014
1016 1017 1015
1018 1017 1016
1018 1184 1017
932 1019 1018
1019 1097 1018
1101 1187 1019
1020 1022 1101
1022 1100 1101
933 1021 1022
1021 1100 1022
1021 1102 1100
1023 1102 1021
1023 1103 1102
935 1103 1023
935 1107 1103
1024 1107 935
1024 1105 1107
1025 1105 1024
1025 1109 1105
1026 1027 1025
1027 1193 1025
940 1028 1027
1029 1028 940
1029 1196 1028
942 1111 1029
943 1111 942
943 1030 1111
1030 1031 1111
944 945 1030
945 1031 1030
945 1113 1031
1032 1114 945
948 949 1032
949 1114 1032
949 1116 1114
878 1118 949
1033 1118 878
1033 1119 1118
1034 1119 1033
1034 1036 1119
880 1035 1034
1035 1120 1034
1120 1035 881
951 1121 1120
1121 1036 1120
953 1122 1121
1123 1122 953
1123 1125 1122
952 1037 1123
1038 1037 952
1038 957 1037
957 1126 1037
1128 1126 957
1128 1039 1126
958 959 1128
959 1040 1128
1129 1040 959
1129 1214 1040
960 961 1129
961 1041 1129
1042 1041 961
1042 1131 1041
1043 1131 1042
1043 1134 1131
1044 1045 1043
1045 1133 1043
963 1046 1045
1047 1046 963
1047 1135 1046
1135 1047 1048
1049 1136 1135
1050 1136 1049
1050 1222 1136
896 1051 1050
1051 1138 1050
967 966 1051
966 1052 1051
1140 1052 966
1140 1053 1052
1054 969 1140
969 1142 1140
970 1141 969
901 1055 970
1055 1056 970
971 1143 1055
972 1143 971
972 1145 1143
975 1145 972
975 1057 1145
976 1146 975
978 1147 976
979 1147 978
979 1149 1147
981 1148 979
1058 1148 981
1058 983 1148
983 1151 1148
1059 1152 983
1060 1152 1059
1060 1238 1152
984 1238 1060
984 1240 1238
987 986 984
986 1153 984
985 1061 986
1061 1153 986
1061 1241 1153
909 1062 1061
1064 1062 909
1064 1063 1062
988 1065 1064
1065 1243 1064
990 992 1065
992 1247 1065
991 1067 992
1066 1067 991
1066 1068 1067
994 1068 1066
994 1069 1068
995 1069 994
995 1156 1069
996 1158 995
1158 1155 995
998 1070 1158
1070 1160 1158
1161 1160 1070
1161 1327 1160
1071 1162 1161
1073 1162 1071
1073 1072 1162
916 1074 1073
1074 1072 1073
1074 1075 1072
1001 1075 1074
1001 1076 1075
1077 1166 1001
1078 1166 1077
1078 1259 1166
1004 1079 1078
1079 1080 1078
1005 1080 1079
1005 1167 1080
1081 1082 1005
1082 1167 1005
1082 1083 1167
1085 1084 1082
1086 1084 1085
1086 1173 1084
1088 1087 1086
1087 1088 925
1007 1089 1087
1089 1171 1087
927 1010 1089
1010 1090 1089
1091 1090 1010
1091 1092 1090
1009 1175 1091
1093 1177 1009
1012 1177 1093
1012 1178 1177
1094 1178 1012
1094 1267 1178
1011 1014 1094
1014 1095 1094
1095 1267 1094
1095 1096 1267
1015 1182 1095
1017 1182 1015
1017 1184 1182
1184 1185 1182
1018 1097 1184
1097 1098 1184
1019 1187 1097
1187 1099 1097
1101 1188 1187
1100 1188 1101
1100 1189 1188
1102 1189 1100
1102 1190 1189
1103 1190 1102
1103 1104 1190
1107 1104 1103
1107 1106 1104
1105 1106 1107
1105 1109 1106
1109 1108 1106
1025 1193 1109
1193 1194 1109
1027 1028 1193
1028 1110 1193
1196 1110 1028
1196 1195 1110
1029 1112 1196
1111 1112 1029
1111 1031 1112
1031 1113 1112
1113 1197 1112
945 1200 1113
1114 1200 945
1114 1202 1200
1116 1202 1114
1116 1203 1202
949 1115 1116
1118 1115 949
1118 1117 1115
1119 1117 1118
1119 1206 1117
1036 1207 1119
1034 1120 1036
1121 1208 1036
1122 1209 1121
1125 1209 1122
1125 1287 1209
1123 1037 1125
1037 1124 1125
1126 1124 1037
1126 1290 1124
1039 1290 1126
1039 1127 1290
1128 1040 1039
1040 1214 1039
1214 1127 1039
1214 1293 1127
1129 1130 1214
1041 1130 1129
1041 1215 1130
1131 1215 1041
1131 1132 1215
1134 1132 1131
1134 1216 1132
1043 1133 1134
1133 1216 1134
1133 1218 1216
1045 1219 1133
1046 1137 1045
1135 1136 1046
1136 1137 1046
1136 1222 1137
1222 1220 1137
1050 1223 1222
1138 1223 1050
1138 1139 1223
1051 1052 1138
1052 1139 1138
1052 1053 1139
1053 1224 1139
1140 1225 1053
1142 1225 1140
1142 1141 1225
1141 1142 969
970 1056 1141
1056 1305 1141
1055 1228 1056
1143 1228 1055
1143 1144 1228
1145 1229 1143
1057 1231 1145
975 1146 1057
1146 1147 1057
1147 1146 976
1149 1233 1147
979 1148 1149
1148 1151 1149
1151 1150 1149
983 1234 1151
1152 1234 983
1152 1237 1234
1238 1317 1152
1240 1239 1238
984 1153 1240
1153 1241 1240
1241 1242 1240
1061 1063 1241
1063 1061 1062
1064 1243 1063
1243 1245 1063
1065 1247 1243
1247 1244 1243
992 1248 1247
1067 1248 992
1067 1250 1248
1068 1250 1067
1068 1069 1250
1069 1154 1250
1156 1154 1069
1156 1253 1154
995 1155 1156
1155 1157 1156
1158 1160 1155
1160 1159 1155
1327 1159 1160
1327 1254 1159
1161 1163 1327
1162 1163 1161
1162 1164 1163
1072 1164 1162
1072 1075 1164
1075 1165 1164
1076 1165 1075
1076 1333 1165
1001 1166 1076
1166 1334 1076
1259 1257 1166
1078 1080 1259
1080 1168 1259
1167 1168 1080
1167 1169 1168
1083 1169 1167
1083 1260 1169
1082 1170 1083
1084 1170 1082
1084 1263 1170
1173 1262 1084
1086 1087 1173
1087 1171 1173
1171 1172 1173
1089 1090 1171
1090 1174 1171
1092 1174 1090
1092 1176 1174
1091 1175 1092
1175 1176 1092
1175 1264 1176
1009 1177 1175
1177 1180 1175
1178 1180 1177
1178 1179 1180
1267 1179 1178
1267 1181 1179
1096 1268 1267
1095 1182 1096
1182 1183 1096
1185 1183 1182
1185 1269 1183
1184 1098 1185
1098 1270 1185
1097 1099 1098
1099 1270 1098
1099 1355 1270
1187 1186 1099
1188 1186 1187
1188 1274 1186
1189 1274 1188
1189 1190 1274
1190 1191 1274
1104 1191 1190
1104 1192 1191
1106 1192 1104
1106 1359 1192
1108 1359 1106
1108 1278 1359
1109 1194 1108
1194 1276 1108
1193 1110 1194
1110 1279 1194
1195 1279 1110
1195 1360 1279
1196 1281 1195
1112 1197 1196
1197 1281 1196
1197 1113 1281
1113 1198 1281
1200 1199 1113
1202 1199 1200
1202 1201 1199
1203 1201 1202
1203 1205 1201
1116 1115 1203
1115 1205 1203
1115 1204 1205
1117 1204 1115
1117 1206 1204
1206 1366 1204
1119 1207 1206
1207 1286 1206
1036 1208 1207
1208 1211 1207
1121 1209 1208
1209 1211 1208
1209 1210 1211
1287 1210 1209
1287 1373 1210
1125 1212 1287
1124 1212 1125
1124 1290 1212
1290 1288 1212
1127 1213 1290
1293 1213 1127
1293 1291 1213
1214 1294 1293
1130 1295 1214
1215 1295 1130
1215 1296 1295
1132 1297 1215
1216 1297 1132
1216 1217 1297
1218 1380 1216
1133 1219 1218
1219 1221 1218
1045 1137 1219
1137 1220 1219
1220 1221 1219
1220 1300 1221
1222 1300 1220
1222 1223 1300
1223 1385 1300
1139 1301 1223
1224 1301 1139
1224 1389 1301
1053 1225 1224
1225 1226 1224
1141 1305 1225
1305 1226 1225
1305 1471 1226
1056 1227 1305
1228 1227 1056
1228 1306 1227
1144 1306 1228
1144 1307 1306
1143 1229 1144
1229 1230 1144
1145 1231 1229
1231 1230 1229
1231 1308 1230
1057 1310 1231
1147 1233 1057
1233 1311 1057
1149 1150 1233
1150 1232 1233
1151 1313 1150
1234 1235 1151
1237 1235 1234
1237 1316 1235
1152 1317 1237
1317 1236 1237
1238 1318 1317
1239 1318 1238
1239 1406 1318
1240 1242 1239
1242 1406 1239
1242 1319 1406
1241 1321 1242
1063 1320 1241
1245 1320 1063
1245 1323 1320
1243 1244 1245
1244 1323 1245
1244 1410 1323
1247 1246 1244
1248 1246 1247
1248 1249 1246
1250 1249 1248
1250 1324 1249
1154 1324 1250
1154 1251 1324
1253 1251 1154
1253 1252 1251
1156 1157 1253
1157 1252 1253
1157 1254 1252
1155 1159 1157
1254 1157 1159
1327 1255 1254
1163 1328 1327
1164 1329 1163
1165 1256 1164
1333 1256 1165
1333 1331 1256
1076 1334 1333
1334 1332 1333
1166 1257 1334
1257 1258 1334
1259 1168 1257
1168 1336 1257
1169 1337 1168
1260 1261 1169
1083 1170 1260
1170 1428 1260
1263 1428 1170
1263 1338 1428
1084 1262 1263
1262 1338 1263
1262 1340 1338
1173 1172 1262
1172 1340 1262
1172 1174 1340
1174 1172 1171
1176 1265 1174
1264 1265 1176
1264 1341 1265
1175 1180 1264
1180 1266 1264
1179 1345 1180
1181 1345 1179
1181 1346 1345
1267 1268 1181
1268 1347 1181
1096 1435 1268
1183 1435 1096
1183 1269 1435
1269 1350 1435
1185 1272 1269
1270 1272 1185
1270 1271 1272
1355 1271 1270
1355 1352 1271
1099 1186 1355
1186 1354 1355
1274 1354 1186
1274 1273 1354
1191 1273 1274
1191 1357 1273
1192 1357 1191
1192 1441 1357
1359 1275 1192
1278 1442 1359
1108 1276 1278
1276 1277 1278
1194 1279 1276
1279 1360 1276
1360 1447 1276
1195 1280 1360
1281 1280 1195
1281 1198 1280
1198 1282 1280
1113 1199 1198
1199 1284 1198
1201 1284 1199
1201 1283 1284
1205 1283 1201
1205 1364 1283
1204 1366 1205
1366 1365 1205
1206 1286 1366
1286 1285 1366
1207 1368 1286
1211 1370 1207
1210 1369 1211
1373 1371 1210
1287 1212 1373
1212 1374 1373
1288 1374 1212
1288 1289 1374
1290 1213 1288
1213 1457 1288
1291 1457 1213
1291 1292 1457
1293 1294 1291
1294 1377 1291
1214 1295 1294
1295 1378 1294
1296 1378 1295
1296 1298 1378
1215 1297 1296
1297 1298 1296
1297 1217 1298
1217 1379 1298
1216 1380 1217
1380 1299 1217
1218 1221 1380
1221 1381 1380
1300 1381 1221
1300 1464 1381
1385 1383 1300
1223 1301 1385
1301 1302 1385
1389 1302 1301
1389 1303 1302
1224 1387 1389
1226 1387 1224
1226 1471 1387
1471 1468 1387
1305 1304 1471
1227 1304 1305
1227 1306 1304
1306 1391 1304
1307 1391 1306
1307 1475 1391
1144 1230 1307
1230 1394 1307
1308 1394 1230
1308 1396 1394
1231 1310 1308
1310 1309 1308
1057 1311 1310
1311 1397 1310
1233 1232 1311
1232 1312 1311
1150 1314 1232
1313 1314 1150
1313 1315 1314
1151 1235 1313
1235 1316 1313
1316 1315 1313
1316 1400 1315
1237 1236 1316
1236 1482 1316
1317 1318 1236
1318 1483 1236
1406 1404 1318
1319 1407 1406
1242 1321 1319
1321 1409 1319
1241 1320 1321
1320 1322 1321
1323 1322 1320
1323 1410 1322
1410 1409 1322
1244 1246 1410
1246 1411 1410
1249 1486 1246
1324 1486 1249
1324 1412 1486
1251 1412 1324
1251 1325 1412
1252 1414 1251
1254 1326 1252
1255 1326 1254
1255 1417 1326
1327 1328 1255
1328 1418 1255
1163 1329 1328
1329 1418 1328
1329 1330 1418
1164 1256 1329
1256 1330 1329
1256 1331 1330
1331 1420 1330
1333 1423 1331
1332 1423 1333
1332 1422 1423
1334 1258 1332
1258 1335 1332
1257 1336 1258
1336 1335 1258
1336 1337 1335
1337 1336 1168
1169 1425 1337
1261 1425 1169
1261 1500 1425
1260 1428 1261
1428 1429 1261
1338 1339 1428
1340 1430 1338
1174 1342 1340
1265 1342 1174
1265 1341 1342
1341 1343 1342
1264 1431 1341
1266 1431 1264
1266 1344 1431
1180 1345 1266
1345 1344 1266
1345 1346 1344
1346 1433 1344
1181 1347 1346
1347 1348 1346
1268 1435 1347
1435 1349 1347
1350 1436 1435
1269 1272 1350
1272 1513 1350
1271 1513 1272
1271 1351 1513
1352 1351 1271
1352 1440 1351
1355 1353 1352
1354 1353 1355
1354 1273 1353
1273 1356 1353
1357 1356 1273
1357 1358 1356
1441 1358 1357
1441 1517 1358
1192 1275 1441
1275 1442 1441
1442 1275 1359
1278 1277 1442
1277 1445 1442
1276 1447 1277
1447 1444 1277
1360 1361 1447
1280 1361 1360
1280 1282 1361
1282 1362 1361
1198 1284 1282
1284 1362 1282
1284 1283 1362
1283 1363 1362
1364 1363 1283
1364 1452 1363
1205 1365 1364
1365 1452 1364
1365 1285 1452
1285 1365 1366
1286 1368 1285
1368 1453 1285
1207 1370 1368
1370 1367 1368
1211 1369 1370
1369 1367 1370
1369 1454 1367
1210 1371 1369
1371 1454 1369
1371 1372 1454
1373 1372 1371
1373 1375 1372
1374 1375 1373
1374 1289 1375
1289 1456 1375
1288 1457 1289
1457 1376 1289
1292 1527 1457
1291 1377 1292
1377 1458 1292
1294 1378 1377
1378 1460 1377
1298 1461 1378
1379 1462 1298
1217 1299 1379
1299 1535 1379
1380 1381 1299
1381 1382 1299
1464 1382 1381
1464 1465 1382
1300 1383 1464
1383 1384 1464
1385 1302 1383
1302 1384 1383
1302 1386 1384
1303 1386 1302
1303 1467 1386
1389 1388 1303
1387 1388 1389
1387 1468 1388
1468 1303 1388
1468 1539 1303
1471 1469 1468
1304 1390 1471
1391 1390 1304
1391 1392 1390
1475 1474 1391
1307 1393 1475
1394 1393 1307
1394 1396 1393
1396 1395 1393
1308 1309 1396
1309 1542 1396
1310 1397 1309
1397 1398 1309
1311 1312 1397
1312 1546 1397
1232 1314 1312
1314 1479 1312
1315 1479 1314
1315 1399 1479
1400 1399 1315
1400 1481 1399
1316 1482 1400
1482 1401 1400
1236 1483 1482
1483 1402 1482
1318 1403 1483
1404 1403 1318
1404 1405 1403
1406 1405 1404
1406 1407 1405
1407 1559 1405
1319 1560 1407
1409 1560 1319
1409 1408 1560
1321 1322 1409
1410 1408 1409
1410 1411 1408
1411 1563 1408
1246 1486 1411
1486 1487 1411
1412 1413 1486
1325 1413 1412
1325 1488 1413
1251 1415 1325
1414 1415 1251
1414 1416 1415
1252 1326 1414
1326 1416 1414
1326 1491 1416
1417 1491 1326
1417 1419 1491
1255 1418 1417
1418 1419 1417
1418 1421 1419
1330 1421 1418
1330 1420 1421
1420 1419 1421
1420 1570 1419
1331 1492 1420
1423 1492 1331
1423 1493 1492
1422 1493 1423
1422 1424 1493
1332 1424 1422
1332 1335 1424
1335 1494 1424
1337 1496 1335
1425 1497 1337
1500 1497 1425
1500 1577 1497
1261 1426 1500
1429 1426 1261
1429 1427 1426
1428 1339 1429
1339 1578 1429
1338 1578 1339
1338 1430 1578
1430 1502 1578
1340 1342 1430
1342 1502 1430
1342 1343 1502
1343 1579 1502
1341 1503 1343
1431 1503 1341
1431 1505 1503
1344 1505 1431
1344 1432 1505
1433 1432 1344
1433 1434 1432
1346 1348 1433
1348 1434 1433
1348 1507 1434
1347 1349 1348
1349 1509 1348
1435 1436 1349
1436 1509 1349
1436 1437 1509
1350 1438 1436
1513 1438 1350
1513 1510 1438
1351 1439 1513
1440 1514 1351
1352 1356 1440
1356 1352 1353
1358 1516 1356
1517 1590 1358
1441 1443 1517
1442 1443 1441
1442 1445 1443
1445 1592 1443
1277 1444 1445
1444 1446 1445
1447 1448 1444
1361 1520 1447
1362 1450 1361
1363 1450 1362
1363 1449 1450
1452 1521 1363
1285 1451 1452
1453 1451 1285
1453 1522 1451
1368 1367 1453
1367 1524 1453
1454 1524 1367
1454 1525 1524
1372 1525 1454
1372 1526 1525
1375 1455 1372
1456 1455 1375
1456 1605 1455
1289 1376 1456
1376 1605 1456
1376 1527 1605
1527 1376 1457
1292 1459 1527
1458 1459 1292
1458 1529 1459
1377 1460 1458
1460 1529 1458
1460 1532 1529
1378 1461 1460
1461 1531 1460
1298 1462 1461
1462 1531 1461
1462 1463 1531
1379 1463 1462
1379 1535 1463
1535 1533 1463
1299 1382 1535
1382 1465 1535
1465 1537 1535
1464 1384 1465
1384 1386 1465
1386 1466 1465
1467 1466 1386
1467 1614 1466
1303 1539 1467
1539 1614 1467
1539 1538 1614
1468 1540 1539
1469 1540 1468
1469 1470 1540
1471 1390 1469
1390 1472 1469
1392 1472 1390
1392 1618 1472
1391 1474 1392
1474 1619 1392
1475 1473 1474
1393 1473 1475
1393 1476 1473
1395 1476 1393
1395 1625 1476
1396 1477 1395
1542 1543 1396
1309 1398 1542
1398 1478 1542
1397 1546 1398
1546 1478 1398
1546 1545 1478
1312 1480 1546
1479 1480 1312
1479 1547 1480
1399 1548 1479
1481 1548 1399
1481 1552 1548
1400 1401 1481
1401 1550 1481
1482 1402 1401
1402 1553 1401
1483 1403 1402
1403 1554 1402
1405 1484 1403
1559 1484 1405
1559 1558 1484
1407 1560 1559
1560 1561 1559
1408 1640 1560
1563 1642 1408
1411 1487 1563
1487 1485 1563
1486 1413 1487
1413 1488 1487
1488 1485 1487
1488 1564 1485
1325 1489 1488
1415 1489 1325
1415 1565 1489
1416 1565 1415
1416 1490 1565
1491 1566 1416
1419 1567 1491
1570 1568 1419
1420 1571 1570
1492 1571 1420
1492 1493 1571
1493 1572 1571
1424 1495 1493
1494 1495 1424
1494 1573 1495
1335 1496 1494
1496 1573 1494
1496 1498 1573
1337 1497 1496
1497 1498 1496
1497 1577 1498
1577 1574 1498
1500 1499 1577
1426 1499 1500
1426 1427 1499
1427 1659 1499
1429 1578 1427
1578 1501 1427
1502 1660 1578
1579 1660 1502
1579 1661 1660
1343 1504 1579
1503 1504 1343
1503 1580 1504
1505 1580 1503
1505 1506 1580
1432 1506 1505
1432 1584 1506
1434 1584 1432
1434 1583 1584
1507 1583 1434
1507 1735 1583
1348 1509 1507
1509 1508 1507
1437 1508 1509
1437 1511 1508
1436 1438 1437
1438 1510 1437
1510 1511 1437
1510 1512 1511
1513 1587 1510
1439 1587 1513
1439 1515 1587
1351 1514 1439
1514 1515 1439
1514 1588 1515
1440 1516 1514
1516 1440 1356
1358 1590 1516
1590 1589 1516
1517 1518 1590
1443 1591 1517
1592 1593 1443
1445 1446 1592
1446 1595 1592
1444 1448 1446
1448 1519 1446
1447 1520 1448
1520 1596 1448
1361 1450 1520
1450 1596 1520
1450 1449 1596
1449 1597 1596
1363 1521 1449
1521 1597 1449
1521 1598 1597
1452 1522 1521
1522 1452 1451
1453 1523 1522
1524 1523 1453
1524 1600 1523
1525 1600 1524
1525 1601 1600
1526 1601 1525
1526 1604 1601
1372 1455 1526
1455 1604 1526
1455 1605 1604
1605 1688 1604
1527 1528 1605
1459 1607 1527
1529 1607 1459
1529 1530 1607
1532 1608 1529
1460 1531 1532
1531 1610 1532
1463 1534 1531
1533 1534 1463
1533 1611 1534
1535 1537 1533
1537 1611 1533
1537 1536 1611
1465 1466 1537
1466 1536 1537
1466 1614 1536
1614 1612 1536
1538 1616 1614
1539 1540 1538
1540 1617 1538
1470 1617 1540
1470 1618 1617
1469 1472 1470
1618 1470 1472
1392 1619 1618
1619 1620 1618
1474 1541 1619
1473 1541 1474
1473 1476 1541
1476 1621 1541
1625 1621 1476
1625 1698 1621
1395 1477 1625
1477 1624 1625
1396 1543 1477
1543 1627 1477
1542 1478 1543
1478 1544 1543
1545 1544 1478
1545 1630 1544
1546 1631 1545
1480 1631 1546
1480 1547 1631
1547 1549 1631
1479 1548 1547
1548 1549 1547
1548 1552 1549
1552 1633 1549
1481 1550 1552
1550 1551 1552
1401 1553 1550
1553 1635 1550
1402 1554 1553
1554 1556 1553
1403 1484 1554
1484 1558 1554
1558 1556 1554
1558 1555 1556
1559 1557 1558
1561 1557 1559
1561 1638 1557
1560 1640 1561
1640 1641 1561
1408 1642 1640
1642 1562 1640
1563 1485 1642
1485 1643 1642
1564 1713 1485
1488 1489 1564
1489 1716 1564
1565 1716 1489
1565 1645 1716
1490 1645 1565
1490 1566 1645
1566 1490 1416
1491 1567 1566
1567 1646 1566
1419 1568 1567
1568 1647 1567
1570 1719 1568
1571 1569 1570
1572 1648 1571
1493 1495 1572
1495 1649 1572
1573 1650 1495
1498 1576 1573
1574 1576 1498
1574 1575 1576
1577 1654 1574
1499 1654 1577
1499 1659 1654
1659 1655 1654
1427 1658 1659
1501 1658 1427
1501 1660 1658
1660 1501 1578
1661 1729 1660
1579 1504 1661
1504 1581 1661
1580 1581 1504
1580 1582 1581
1506 1582 1580
1506 1663 1582
1584 1585 1506
1583 1585 1584
1583 1665 1585
1735 1734 1583
1507 1586 1735
1508 1586 1507
1508 1511 1586
1511 1666 1586
1512 1669 1511
1510 1587 1512
1587 1515 1512
1515 1672 1512
1588 1670 1515
1514 1589 1588
1589 1514 1516
1590 1518 1589
1518 1674 1589
1517 1591 1518
1591 1673 1518
1443 1593 1591
1593 1675 1591
1592 1677 1593
1595 1594 1592
1446 1519 1595
1519 1679 1595
1448 1596 1519
1596 1681 1519
1597 1599 1596
1598 1599 1597
1598 1745 1599
1521 1522 1598
1522 1683 1598
1523 1683 1522
1523 1684 1683
1600 1602 1523
1601 1602 1600
1601 1603 1602
1604 1603 1601
1604 1749 1603
1688 1749 1604
1688 1689 1749
1605 1528 1688
1528 1606 1688
1527 1606 1528
1527 1607 1606
1607 1691 1606
1530 1691 1607
1530 1690 1691
1529 1608 1530
1608 1609 1530
1532 1610 1608
1610 1693 1608
1531 1534 1610
1534 1611 1610
1611 1613 1610
1536 1612 1611
1612 1613 1611
1612 1694 1613
1614 1616 1612
1616 1695 1612
1538 1615 1616
1617 1615 1538
1617 1761 1615
1618 1696 1617
1620 1697 1618
1619 1541 1620
1541 1621 1620
1621 1622 1620
1698 1764 1621
1625 1623 1698
1624 1623 1625
1624 1699 1623
1477 1626 1624
1627 1626 1477
1627 1628 1626
1543 1544 1627
1544 1628 1627
1544 1630 1628
1630 1701 1628
1545 1629 1630
1631 1703 1545
1549 1703 1631
1549 1702 1703
1633 1702 1549
1633 1632 1702
1552 1551 1633
1551 1706 1633
1550 1635 1551
1635 1707 1551
1553 1556 1635
1556 1634 1635
1555 1636 1556
1558 1557 1555
1557 1637 1555
1638 1637 1557
1638 1710 1637
1561 1641 1638
1641 1710 1638
1641 1639 1710
1640 1562 1641
1562 1711 1641
1642 1643 1562
1643 1711 1562
1643 1644 1711
1485 1713 1643
1713 1644 1643
1713 1715 1644
1564 1716 1713
1716 1714 1713
1645 1717 1716
1566 1646 1645
1646 1787 1645
1567 1790 1646
1647 1790 1567
1647 1718 1790
1568 1719 1647
1719 1720 1647
1570 1569 1719
1569 1721 1719
1571 1648 1569
1648 1722 1569
1572 1649 1648
1649 1722 1648
1649 1796 1722
1495 1650 1649
1650 1796 1649
1650 1651 1796
1573 1651 1650
1573 1576 1651
1576 1652 1651
1575 1652 1576
1575 1724 1652
1574 1653 1575
1654 1653 1574
1654 1656 1653
1655 1656 1654
1655 1726 1656
1659 1657 1655
1658 1657 1659
1658 1729 1657
1729 1658 1660
1661 1730 1729
1581 1731 1661
1582 1662 1581
1663 1732 1582
1506 1585 1663
1585 1665 1663
1665 1733 1663
1583 1734 1665
1734 1664 1665
1735 1736 1734
1586 1668 1735
1666 1668 1586
1666 1667 1668
1511 1669 1666
1669 1667 1666
1669 1672 1667
1672 1669 1512
1515 1670 1672
1670 1671 1672
1588 1738 1670
1589 1674 1588
1674 1738 1588
1674 1819 1738
1518 1673 1674
1673 1822 1674
1591 1675 1673
1675 1822 1673
1675 1676 1822
1593 1677 1675
1677 1741 1675
1592 1594 1677
1594 1741 1677
1594 1742 1741
1595 1678 1594
1679 1678 1595
1679 1743 1678
1519 1681 1679
1681 1743 1679
1681 1680 1743
1596 1599 1681
1599 1680 1681
1599 1745 1680
1745 1682 1680
1598 1684 1745
1684 1598 1683
1523 1686 1684
1602 1686 1523
1602 1603 1686
1603 1685 1686
1749 1750 1603
1689 1687 1749
1688 1606 1689
1606 1753 1689
1691 1752 1606
1690 1752 1691
1690 1834 1752
1530 1609 1690
1609 1692 1690
1608 1693 1609
1693 1692 1609
1693 1754 1692
1610 1613 1693
1613 1754 1693
1613 1694 1754
1694 1756 1754
1612 1695 1694
1695 1757 1694
1616 1758 1695
1615 1758 1616
1615 1760 1758
1761 1760 1615
1761 1762 1760
1617 1696 1761
1696 1697 1761
1697 1696 1618
1620 1622 1697
1622 1763 1697
1621 1764 1622
1764 1765 1622
1698 1766 1764
1623 1767 1698
1699 1767 1623
1699 1770 1767
1624 1700 1699
1626 1700 1624
1626 1701 1700
1701 1626 1628
1630 1774 1701
1629 1773 1630
1545 1703 1629
1703 1705 1629
1702 1705 1703
1702 1704 1705
1632 1704 1702
1632 1852 1704
1633 1706 1632
1706 1776 1632
1551 1707 1706
1707 1776 1706
1707 1708 1776
1635 1634 1707
1634 1708 1707
1634 1779 1708
1556 1636 1634
1636 1779 1634
1636 1780 1779
1555 1709 1636
1637 1709 1555
1637 1856 1709
1710 1856 1637
1710 1781 1856
1639 1860 1710
1641 1711 1639
1711 1783 1639
1644 1784 1711
1715 1784 1644
1715 1712 1784
1713 1714 1715
1714 1712 1715
1714 1786 1712
1716 1717 1714
1717 1786 1714
1717 1787 1786
1787 1717 1645
1646 1788 1787
1790 1792 1646
1718 1791 1790
1647 1720 1718
1720 1793 1718
1719 1721 1720
1721 1794 1720
1569 1722 1721
1722 1872 1721
1796 1797 1722
1651 1798 1796
1652 1798 1651
1652 1724 1798
1724 1723 1798
1575 1879 1724
1653 1725 1575
1656 1728 1653
1726 1728 1656
1726 1727 1728
1655 1803 1726
1657 1803 1655
1657 1802 1803
1729 1806 1657
1730 1806 1729
1730 1807 1806
1661 1731 1730
1731 1807 1730
1731 1886 1807
1581 1662 1731
1662 1886 1731
1662 1732 1886
1732 1662 1582
1663 1808 1732
1733 1808 1663
1733 1809 1808
1665 1664 1733
1664 1809 1733
1664 1890 1809
1734 1810 1664
1736 1810 1734
1736 1811 1810
1735 1668 1736
1668 1811 1736
1668 1815 1811
1667 1815 1668
1667 1814 1815
1672 1814 1667
1672 1816 1814
1671 1816 1672
1671 1737 1816
1670 1738 1671
1738 1739 1671
1819 1739 1738
1819 1818 1739
1674 1740 1819
1822 1740 1674
1822 1821 1740
1676 1820 1822
1675 1741 1676
1741 1823 1676
1742 1823 1741
1742 1824 1823
1594 1678 1742
1678 1744 1742
1743 1744 1678
1743 1826 1744
1680 1682 1743
1682 1826 1743
1682 1827 1826
1745 1828 1682
1684 1747 1745
1686 1747 1684
1686 1746 1747
1685 1746 1686
1685 1748 1746
1603 1750 1685
1750 1909 1685
1749 1687 1750
1687 1909 1750
1687 1912 1909
1689 1751 1687
1753 1751 1689
1753 1832 1751
1606 1752 1753
1752 1832 1753
1752 1834 1832
1834 1916 1832
1690 1833 1834
1692 1833 1690
1692 1755 1833
1754 1756 1692
1756 1755 1692
1756 1835 1755
1694 1837 1756
1757 1837 1694
1757 1838 1837
1695 1758 1757
1758 1759 1757
1760 1759 1758
1760 1841 1759
1762 1841 1760
1762 1923 1841
1761 1763 1762
1763 1761 1697
1622 1765 1763
1765 1925 1763
1764 1766 1765
1766 1842 1765
1698 1767 1766
1767 1842 1766
1767 1768 1842
1770 1768 1767
1770 1769 1768
1699 1771 1770
1700 1771 1699
1700 1844 1771
1701 1772 1700
1774 1772 1701
1774 1845 1772
1630 1773 1774
1773 1847 1774
1629 1775 1773
1705 1775 1629
1705 1849 1775
1704 1849 1705
1704 1852 1849
1852 1850 1849
1632 1853 1852
1776 1853 1632
1776 1777 1853
1708 1777 1776
1708 1778 1777
1779 1778 1708
1779 1855 1778
1780 1855 1779
1780 1709 1855
1709 1780 1636
1856 1857 1709
1781 1943 1856
1710 1860 1781
1860 1858 1781
1639 1783 1860
1783 1782 1860
1711 1784 1783
1784 1782 1783
1784 1785 1782
1712 1785 1784
1712 1861 1785
1786 1861 1712
1786 1789 1861
1787 1788 1786
1788 1789 1786
1788 1865 1789
1646 1792 1788
1792 1865 1788
1792 1866 1865
1790 1791 1792
1791 1867 1792
1718 1868 1791
1793 1868 1718
1793 1870 1868
1720 1794 1793
1794 1869 1793
1721 1872 1794
1872 1795 1794
1722 1797 1872
1797 1873 1872
1796 1723 1797
1723 1796 1798
1724 1799 1723
1879 1877 1724
1575 1725 1879
1725 1800 1879
1653 1728 1725
1728 1800 1725
1728 1881 1800
1727 1881 1728
1727 1801 1881
1726 1803 1727
1803 1805 1727
1802 1805 1803
1802 1804 1805
1657 1806 1802
1806 1804 1802
1806 1884 1804
1807 1884 1806
1807 1886 1884
1886 1887 1884
1732 1888 1886
1808 1888 1732
1808 1809 1888
1809 1889 1888
1890 1891 1809
1664 1892 1890
1810 1892 1664
1810 1812 1892
1811 1812 1810
1811 1895 1812
1815 1895 1811
1815 1813 1895
1814 1813 1815
1814 1817 1813
1816 1817 1814
1816 1737 1817
1737 1969 1817
1671 1739 1737
1739 1897 1737
1818 1897 1739
1818 1898 1897
1819 1820 1818
1740 1821 1819
1820 1821 1822
1820 1819 1821
1676 1899 1820
1823 1899 1676
1823 1901 1899
1824 1974 1823
1742 1825 1824
1744 1825 1742
1744 1826 1825
1826 1976 1825
1827 1976 1826
1827 1904 1976
1682 1828 1827
1828 1829 1827
1745 1747 1828
1747 1829 1828
1747 1746 1829
1746 1748 1829
1748 1906 1829
1685 1830 1748
1909 1830 1685
1909 1908 1830
1912 1910 1909
1687 1751 1912
1751 1914 1912
1832 1831 1751
1916 1831 1832
1916 1915 1831
1834 1917 1916
1833 1917 1834
1833 1836 1917
1755 1836 1833
1755 1835 1836
1835 1981 1836
1756 1837 1835
1837 1840 1835
1838 1840 1837
1838 1839 1840
1757 1759 1838
1759 1841 1838
1841 1920 1838
1923 1922 1841
1762 1925 1923
1925 1762 1763
1765 1926 1925
1842 1926 1765
1842 1927 1926
1768 1927 1842
1768 1928 1927
1769 1928 1768
1769 1929 1928
1770 1771 1769
1771 1843 1769
1844 1843 1771
1844 1930 1843
1700 1772 1844
1772 1930 1844
1772 1931 1930
1845 1931 1772
1845 1846 1931
1774 1847 1845
1847 1848 1845
1773 1775 1847
1775 1848 1847
1775 1934 1848
1849 1934 1775
1849 1851 1934
1850 1851 1849
1850 1935 1851
1852 1996 1850
1853 1996 1852
1853 1854 1996
1777 1854 1853
1777 1997 1854
1778 1939 1777
1855 1940 1778
1709 1857 1855
1857 1942 1855
1856 1943 1857
1943 1945 1857
1781 1859 1943
1858 1859 1781
1858 2007 1859
1860 1782 1858
1782 1946 1858
1785 1946 1782
1785 1862 1946
1861 1862 1785
1861 1947 1862
1789 1864 1861
1865 1864 1789
1865 1863 1864
1866 1863 1865
1866 1948 1863
1792 1867 1866
1867 1948 1866
1867 1949 1948
1791 1949 1867
1791 1868 1949
1868 1950 1949
1870 1950 1868
1870 1871 1950
1793 1869 1870
1869 1871 1870
1869 2019 1871
1794 1795 1869
1795 1875 1869
1872 1873 1795
1873 1875 1795
1873 1874 1875
1797 1874 1873
1797 1952 1874
1723 1952 1797
1723 1799 1952
1799 1876 1952
1724 1877 1799
1877 1955 1799
1879 1878 1877
1800 1878 1879
1800 1880 1878
1881 1880 1800
1881 1956 1880
1801 1956 1881
1801 1882 1956
1727 1805 1801
1805 1883 1801
1804 1883 1805
1804 1884 1883
1884 1885 1883
1887 1885 1884
1887 1959 1885
1886 1888 1887
1888 1889 1887
1889 1959 1887
1889 1961 1959
1809 1891 1889
1891 1961 1889
1891 1962 1961
1890 2035 1891
1892 1893 1890
1812 2040 1892
1895 1964 1812
1813 1894 1895
1817 1969 1813
1969 1967 1813
1737 1896 1969
1897 1896 1737
1897 1898 1896
1898 1970 1896
1818 1900 1898
1820 1900 1818
1820 1899 1900
1899 1901 1900
1901 1902 1900
1823 1974 1901
1974 1972 1901
1824 1903 1974
1825 1903 1824
1825 1976 1903
1976 2045 1903
1904 1977 1976
1827 1829 1904
1829 1906 1904
1906 1905 1904
1748 1907 1906
1830 1907 1748
1830 1908 1907
1908 1911 1907
1909 1910 1908
1910 1911 1908
1910 1913 1911
1912 1913 1910
1912 1914 1913
1914 2050 1913
1751 1831 1914
1831 1915 1914
1915 2050 1914
1915 1978 2050
1916 2055 1915
1917 2055 1916
1917 1918 2055
1836 1918 1917
1836 1981 1918
1981 1982 1918
1835 1840 1981
1840 1839 1981
1839 1919 1981
1838 1920 1839
1920 1921 1839
1841 1922 1920
1922 1984 1920
1923 1924 1922
1925 1924 1923
1925 1926 1924
1926 1985 1924
1927 1985 1926
1927 2062 1985
1928 1986 1927
1929 1987 1928
1769 1843 1929
1843 1991 1929
1930 1932 1843
1931 1932 1930
1931 2066 1932
1846 2066 1931
1846 1992 2066
1845 1848 1846
1848 2072 1846
1934 1933 1848
1851 1933 1934
1851 1993 1933
1935 1993 1851
1935 2075 1993
1850 1996 1935
1996 1936 1935
1854 1937 1996
1997 1937 1854
1997 1998 1937
1777 1939 1997
1939 1999 1997
1778 1940 1939
1940 1938 1939
1855 1942 1940
1942 2001 1940
1857 1945 1942
1945 1941 1942
1943 1944 1945
1859 1944 1943
1859 2083 1944
2007 2005 1859
1858 1946 2007
1946 2009 2007
1862 2011 1946
1947 2011 1862
1947 2010 2011
1861 1864 1947
1864 2010 1947
1864 1863 2010
1863 2015 2010
1948 2013 1863
1949 2091 1948
1950 2091 1949
1950 2094 2091
1871 2099 1950
2019 2017 1871
1869 1875 2019
1875 1951 2019
1874 1951 1875
1874 1952 1951
1952 1953 1951
1876 1953 1952
1876 2021 1953
1799 1954 1876
1955 1954 1799
1955 2023 1954
1877 1878 1955
1878 2024 1955
1880 2026 1878
1956 1957 1880
1882 1958 1956
1801 2031 1882
1883 2031 1801
1883 1885 2031
1885 2108 2031
1959 1960 1885
1961 1960 1959
1961 2032 1960
1962 1963 1961
1891 2035 1962
2035 2112 1962
1890 1893 2035
1893 2036 2035
1892 2040 1893
2040 2036 1893
2040 2038 2036
1812 1964 2040
1964 1966 2040
1895 1894 1964
1894 1966 1964
1894 1965 1966
1813 1967 1894
1967 1965 1894
1967 1968 1965
1969 1971 1967
1896 1971 1969
1896 1970 1971
1970 2119 1971
1898 2042 1970
1900 1902 1898
1902 2042 1898
1902 2044 2042
1901 2044 1902
1901 1972 2044
1972 1973 2044
1974 1903 1972
1903 2045 1972
2045 1973 1972
2045 1975 1973
1976 1977 2045
1977 2124 2045
1904 2124 1977
1904 1905 2124
1905 2046 2124
1906 1907 1905
1907 2047 1905
1911 2049 1907
1913 2048 1911
2050 2048 1913
2050 2052 2048
1978 1979 2050
1915 2055 1978
2055 2054 1978
1918 1980 2055
1982 1980 1918
1982 2056 1980
1981 1919 1982
1919 2056 1982
1919 1983 2056
1839 1921 1919
1921 1983 1919
1921 2135 1983
1920 1984 1921
1984 2135 1921
1984 2057 2135
1922 2058 1984
1924 2058 1922
1924 1985 2058
1985 2059 2058
2062 2059 1985
2062 2060 2059
1927 1986 2062
1986 2138 2062
1928 1989 1986
1987 1989 1928
1987 1988 1989
1929 1990 1987
1991 1990 1929
1991 2142 1990
1843 2064 1991
1932 2064 1843
1932 2065 2064
2066 2069 1932
1992 2067 2066
1846 2072 1992
2072 2073 1992
1848 1933 2072
1933 1993 2072
1993 2074 2072
2075 2074 1993
2075 1994 2074
1935 1936 2075
1936 1995 2075
1996 1937 1936
1937 1998 1936
1998 1995 1936
1998 2076 1995
1997 1999 1998
1999 2079 1998
1939 1938 1999
1938 2080 1999
1940 2001 1938
2001 2080 1938
2001 2000 2080
1942 1941 2001
1941 2002 2001
1945 1944 1941
1944 2004 1941
2083 2004 1944
2083 2003 2004
1859 2005 2083
2005 2084 2083
2007 2006 2005
2009 2006 2007
2009 2008 2006
1946 2011 2009
2011 2008 2009
2011 2086 2008
2010 2086 2011
2010 2012 2086
2015 2012 2010
2015 2014 2012
1863 2013 2015
2013 2014 2015
2013 2016 2014
1948 2016 2013
1948 2091 2016
2091 2090 2016
2094 2096 2091
1950 2099 2094
2099 2097 2094
1871 2017 2099
2017 2018 2099
2019 2101 2017
1951 2020 2019
1953 2020 1951
1953 2100 2020
2021 2100 1953
2021 2103 2100
1876 1954 2021
1954 2023 2021
2023 2022 2021
1955 2104 2023
2024 2104 1955
2024 2025 2104
1878 2026 2024
2026 2027 2024
1880 1957 2026
1957 2027 2026
1957 2028 2027
1956 1958 1957
1958 2028 1957
1958 2029 2028
1882 2029 1958
1882 2030 2029
2031 2030 1882
2031 2108 2030
2108 2172 2030
1885 2033 2108
1960 2033 1885
1960 2032 2033
2032 2034 2033
1961 1963 2032
1963 2034 2032
1963 2176 2034
1962 2112 1963
2112 2177 1963
2035 2037 2112
2036 2037 2035
2036 2039 2037
2038 2039 2036
2038 2183 2039
2040 2113 2038
1966 2113 2040
1966 2041 2113
1965 2041 1966
1965 1968 2041
1968 2114 2041
1967 2117 1968
1971 2115 1967
2119 2115 1971
2119 2120 2115
1970 2042 2119
2042 2121 2119
2044 2121 2042
2044 2043 2121
1973 2043 2044
1973 2188 2043
1975 2123 1973
2045 2124 1975
2124 2125 1975
2046 2129 2124
1905 2047 2046
2047 2129 2046
2047 2128 2129
1907 2049 2047
2049 2128 2047
2049 2048 2128
2048 2049 1911
2052 2131 2048
2050 1979 2052
1979 2051 2052
1978 2053 1979
2054 2053 1978
2054 2056 2053
2055 1980 2054
2056 2054 1980
1983 2133 2056
2135 2192 1983
2057 2136 2135
1984 2058 2057
2058 2059 2057
2059 2061 2057
2060 2061 2059
2060 2063 2061
2062 2138 2060
2138 2063 2060
2138 2197 2063
1986 1989 2138
1989 1988 2138
1988 2199 2138
1987 1990 1988
1990 2140 1988
2142 2145 1990
1991 2064 2142
2064 2143 2142
2065 2143 2064
2065 2144 2143
1932 2069 2065
2069 2147 2065
2066 2067 2069
2067 2068 2069
1992 2071 2067
2073 2071 1992
2073 2070 2071
2072 2150 2073
2074 2150 2072
2074 1994 2150
1994 2152 2150
2075 2077 1994
1995 2077 2075
1995 2076 2077
2076 2078 2077
1998 2154 2076
2079 2154 1998
2079 2155 2154
1999 2080 2079
2080 2081 2079
2000 2081 2080
2000 2158 2081
2001 2002 2000
2002 2158 2000
2002 2159 2158
1941 2004 2002
2004 2003 2002
2003 2159 2002
2003 2160 2159
2083 2082 2003
2084 2082 2083
2084 2162 2082
2005 2006 2084
2006 2085 2084
2008 2085 2006
2008 2086 2085
2086 2087 2085
2012 2089 2086
2014 2089 2012
2014 2088 2089
2016 2090 2014
2090 2092 2014
2091 2096 2090
2096 2092 2090
2096 2093 2092
2094 2095 2096
2097 2095 2094
2097 2098 2095
2099 2018 2097
2018 2167 2097
2017 2101 2018
2101 2102 2018
2019 2020 2101
2020 2100 2101
2100 2102 2101
2100 2103 2102
2103 2217 2102
2021 2022 2103
2022 2220 2103
2023 2105 2022
2104 2105 2023
2104 2025 2105
2025 2222 2105
2024 2027 2025
2027 2170 2025
2028 2170 2027
2028 2106 2170
2029 2106 2028
2029 2171 2106
2030 2172 2029
2172 2107 2029
2108 2174 2172
2033 2174 2108
2033 2034 2174
2034 2109 2174
2176 2109 2034
2176 2231 2109
1963 2111 2176
2177 2111 1963
2177 2110 2111
2112 2178 2177
2037 2178 2112
2037 2039 2178
2039 2179 2178
2183 2180 2039
2038 2113 2183
2113 2184 2183
2041 2184 2113
2041 2185 2184
2114 2185 2041
2114 2186 2185
1968 2242 2114
2117 2242 1968
2117 2116 2242
1967 2115 2117
2115 2120 2117
2120 2116 2117
2120 2118 2116
2119 2122 2120
2121 2122 2119
2121 2188 2122
2188 2121 2043
1973 2123 2188
2123 2247 2188
1975 2125 2123
2125 2126 2123
2124 2129 2125
2129 2126 2125
2129 2127 2126
2128 2130 2129
2048 2130 2128
2048 2131 2130
2131 2248 2130
2052 2051 2131
2051 2251 2131
1979 2132 2051
2053 2132 1979
2053 2190 2132
2056 2133 2053
2133 2190 2053
2133 1983 2190
1983 2258 2190
2192 2258 1983
2192 2134 2258
2135 2136 2192
2136 2193 2192
2057 2061 2136
2061 2194 2136
2063 2194 2061
2063 2137 2194
2197 2137 2063
2197 2196 2137
2138 2199 2197
2199 2266 2197
1988 2139 2199
2140 2139 1988
2140 2141 2139
1990 2145 2140
2145 2141 2140
2145 2200 2141
2142 2143 2145
2143 2144 2145
2144 2200 2145
2144 2146 2200
2065 2147 2144
2147 2146 2144
2147 2202 2146
2069 2068 2147
2068 2202 2147
2068 2201 2202
2067 2148 2068
2071 2148 2067
2071 2070 2148
2070 2149 2148
2073 2151 2070
2150 2151 2073
2150 2152 2151
2152 2206 2151
1994 2153 2152
2077 2153 1994
2077 2207 2153
2078 2209 2077
2076 2154 2078
2154 2155 2078
2155 2209 2078
2155 2157 2209
2079 2081 2155
2081 2157 2155
2081 2156 2157
2158 2156 2081
2158 2210 2156
2159 2210 2158
2159 2160 2210
2160 2161 2210
2003 2082 2160
2082 2162 2160
2162 2161 2160
2162 2211 2161
2084 2163 2162
2085 2163 2084
2085 2087 2163
2087 2282 2163
2086 2089 2087
2089 2164 2087
2088 2164 2089
2088 2165 2164
2014 2092 2088
2092 2165 2088
2092 2093 2165
2093 2286 2165
2096 2166 2093
2095 2166 2096
2095 2098 2166
2098 2215 2166
2097 2167 2098
2167 2216 2098
2018 2102 2167
2102 2168 2167
2217 2168 2102
2217 2219 2168
2103 2220 2217
2220 2292 2217
2022 2169 2220
2105 2221 2022
2222 2221 2105
2222 2223 2221
2025 2170 2222
2170 2224 2222
2106 2171 2170
2171 2224 2170
2171 2226 2224
2029 2107 2171
2107 2226 2171
2107 2228 2226
2172 2173 2107
2174 2173 2172
2174 2229 2173
2109 2229 2174
2109 2175 2229
2231 2175 2109
2231 2232 2175
2176 2111 2231
2111 2233 2231
2110 2233 2111
2110 2235 2233
2177 2178 2110
2178 2236 2110
2179 2236 2178
2179 2182 2236
2039 2180 2179
2180 2182 2179
2180 2181 2182
2183 2184 2180
2184 2181 2180
2184 2185 2181
2185 2239 2181
2186 2239 2185
2186 2240 2239
2114 2242 2186
2242 2241 2186
2116 2244 2242
2118 2187 2116
2120 2122 2118
2122 2189 2118
2188 2189 2122
2188 2247 2189
2247 2314 2189
2123 2126 2247
2126 2246 2247
2127 2246 2126
2127 2248 2246
2129 2130 2127
2248 2127 2130
2131 2251 2248
2251 2252 2248
2051 2254 2251
2132 2254 2051
2132 2255 2254
2190 2255 2132
2190 2258 2255
2258 2191 2255
2134 2259 2258
2192 2193 2134
2193 2260 2134
2136 2194 2193
2194 2260 2193
2194 2137 2260
2137 2195 2260
2196 2195 2137
2196 2198 2195
2197 2198 2196
2197 2266 2198
2266 2262 2198
2199 2139 2266
2139 2265 2266
2141 2265 2139
2141 2268 2265
2200 2267 2141
2146 2269 2200
2202 2270 2146
2201 2271 2202
2068 2148 2201
2148 2203 2201
2149 2203 2148
2149 2273 2203
2070 2205 2149
2151 2205 2070
2151 2206 2205
2206 2204 2205
2152 2153 2206
2153 2208 2206
2207 2208 2153
2207 2331 2208
2077 2209 2207
2209 2332 2207
2157 2332 2209
2157 2276 2332
2156 2275 2157
2210 2275 2156
2210 2277 2275
2161 2278 2210
2211 2279 2161
2162 2212 2211
2163 2212 2162
2163 2282 2212
2282 2281 2212
2087 2164 2282
2164 2283 2282
2165 2283 2164
2165 2285 2283
2286 2285 2165
2286 2213 2285
2093 2287 2286
2166 2214 2093
2215 2214 2166
2215 2342 2214
2098 2216 2215
2216 2290 2215
2167 2288 2216
2168 2288 2167
2168 2219 2288
2219 2291 2288
2217 2292 2219
2292 2218 2219
2220 2294 2292
2169 2294 2220
2169 2293 2294
2022 2221 2169
2221 2223 2169
2223 2293 2169
2223 2295 2293
2222 2225 2223
2224 2225 2222
2224 2227 2225
2226 2227 2224
2226 2350 2227
2228 2352 2226
2107 2173 2228
2173 2300 2228
2229 2300 2173
2229 2230 2300
2175 2230 2229
2175 2301 2230
2232 2301 2175
2232 2305 2301
2231 2304 2232
2233 2304 2231
2233 2234 2304
2235 2234 2233
2235 2306 2234
2110 2236 2235
2236 2237 2235
2182 2237 2236
2182 2307 2237
2181 2238 2182
2239 2238 2181
2239 2240 2238
2240 2310 2238
2186 2241 2240
2241 2309 2240
2242 2244 2241
2244 2243 2241
2116 2187 2244
2187 2312 2244
2118 2189 2187
2189 2312 2187
2189 2245 2312
2314 2245 2189
2314 2316 2245
2247 2315 2314
2246 2315 2247
2246 2250 2315
2248 2252 2246
2252 2250 2246
2252 2249 2250
2251 2253 2252
2254 2253 2251
2254 2257 2253
2255 2191 2254
2191 2257 2254
2191 2256 2257
2258 2318 2191
2259 2318 2258
2259 2320 2318
2134 2260 2259
2260 2261 2259
2195 2261 2260
2195 2321 2261
2198 2263 2195
2262 2263 2198
2262 2323 2263
2266 2264 2262
2265 2264 2266
2265 2268 2264
2268 2376 2264
2141 2267 2268
2267 2378 2268
2200 2269 2267
2269 2380 2267
2146 2325 2269
2270 2325 2146
2270 2271 2325
2271 2270 2202
2201 2327 2271
2203 2327 2201
2203 2273 2327
2273 2272 2327
2149 2328 2273
2205 2328 2149
2205 2204 2328
2204 2274 2328
2206 2208 2204
2208 2331 2204
2331 2330 2204
2207 2332 2331
2332 2333 2331
2276 2334 2332
2157 2275 2276
2275 2277 2276
2277 2338 2276
2210 2278 2277
2278 2339 2277
2161 2279 2278
2279 2339 2278
2279 2395 2339
2211 2280 2279
2212 2281 2211
2281 2280 2211
2281 2284 2280
2282 2284 2281
2282 2283 2284
2283 2285 2284
2285 2341 2284
2213 2397 2285
2286 2287 2213
2287 2342 2213
2093 2214 2287
2342 2287 2214
2215 2343 2342
2290 2343 2215
2290 2289 2343
2216 2288 2290
2288 2291 2290
2291 2289 2290
2291 2344 2289
2219 2218 2291
2218 2345 2291
2292 2294 2218
2294 2346 2218
2293 2296 2294
2295 2296 2293
2295 2408 2296
2223 2225 2295
2225 2297 2295
2227 2297 2225
2227 2298 2297
2350 2298 2227
2350 2348 2298
2226 2352 2350
2352 2299 2350
2228 2300 2352
2300 2353 2352
2230 2353 2300
2230 2302 2353
2301 2302 2230
2301 2303 2302
2305 2303 2301
2305 2354 2303
2232 2304 2305
2304 2356 2305
2234 2356 2304
2234 2306 2356
2306 2358 2356
2235 2237 2306
2237 2307 2306
2307 2308 2306
2182 2238 2307
2238 2310 2307
2310 2359 2307
2240 2309 2310
2309 2311 2310
2241 2243 2309
2243 2363 2309
2244 2312 2243
2312 2362 2243
2245 2313 2312
2316 2423 2245
2314 2315 2316
2315 2317 2316
2250 2317 2315
2250 2249 2317
2249 2365 2317
2252 2253 2249
2253 2257 2249
2257 2366 2249
2256 2367 2257
2191 2318 2256
2318 2319 2256
2320 2319 2318
2320 2370 2319
2259 2261 2320
2261 2368 2320
2321 2368 2261
2321 2371 2368
2195 2263 2321
2263 2322 2321
2323 2322 2263
2323 2372 2322
2262 2373 2323
2264 2373 2262
2264 2374 2373
2376 2374 2264
2376 2324 2374
2268 2378 2376
2378 2379 2376
2267 2380 2378
2380 2381 2378
2269 2325 2380
2325 2326 2380
2271 2383 2325
2327 2435 2271
2272 2435 2327
2272 2386 2435
2273 2329 2272
2328 2329 2273
2328 2387 2329
2274 2387 2328
2274 2390 2387
2204 2330 2274
2330 2391 2274
2331 2333 2330
2333 2335 2330
2332 2334 2333
2334 2335 2333
2334 2336 2335
2276 2338 2334
2338 2336 2334
2338 2337 2336
2277 2339 2338
2339 2337 2338
2339 2393 2337
2395 2393 2339
2395 2441 2393
2279 2280 2395
2280 2340 2395
2284 2341 2280
2341 2340 2280
2341 2397 2340
2397 2341 2285
2213 2396 2397
2342 2398 2213
2343 2444 2342
2289 2401 2343
2344 2400 2289
2291 2345 2344
2345 2402 2344
2218 2346 2345
2346 2405 2345
2294 2296 2346
2296 2405 2346
2296 2408 2405
2408 2407 2405
2295 2297 2408
2297 2347 2408
2298 2348 2297
2348 2349 2297
2350 2410 2348
2299 2410 2350
2299 2351 2410
2352 2351 2299
2352 2353 2351
2353 2411 2351
2302 2411 2353
2302 2413 2411
2303 2413 2302
2303 2415 2413
2354 2415 2303
2354 2355 2415
2305 2416 2354
2356 2416 2305
2356 2357 2416
2358 2357 2356
2358 2417 2357
2306 2308 2358
2308 2417 2358
2308 2360 2417
2307 2359 2308
2359 2360 2308
2359 2462 2360
2310 2462 2359
2310 2311 2462
2311 2361 2462
2309 2363 2311
2363 2361 2311
2363 2420 2361
2243 2362 2363
2362 2420 2363
2362 2421 2420
2312 2313 2362
2313 2421 2362
2313 2423 2421
2423 2313 2245
2316 2364 2423
2317 2364 2316
2317 2365 2364
2365 2425 2364
2249 2366 2365
2366 2425 2365
2366 2367 2425
2367 2366 2257
2256 2319 2367
2319 2427 2367
2370 2426 2319
2320 2368 2370
2368 2369 2370
2371 2369 2368
2371 2430 2369
2321 2322 2371
2322 2431 2371
2372 2431 2322
2372 2375 2431
2323 2373 2372
2373 2374 2372
2374 2324 2372
2324 2375 2372
2324 2473 2375
2376 2377 2324
2379 2377 2376
2379 2477 2377
2378 2381 2379
2381 2478 2379
2380 2326 2381
2326 2432 2381
2325 2382 2326
2383 2382 2325
2383 2385 2382
2271 2435 2383
2435 2385 2383
2435 2384 2385
2386 2436 2435
2272 2329 2386
2329 2388 2386
2387 2388 2329
2387 2437 2388
2390 2437 2387
2390 2485 2437
2274 2389 2390
2391 2389 2274
2391 2439 2389
2330 2335 2391
2335 2438 2391
2336 2438 2335
2336 2392 2438
2337 2392 2336
2337 2393 2392
2393 2441 2392
2441 2440 2392
2395 2394 2441
2340 2394 2395
2340 2396 2394
2396 2340 2397
2213 2398 2396
2398 2442 2396
2342 2444 2398
2444 2445 2398
2343 2401 2444
2401 2399 2444
2289 2400 2401
2400 2496 2401
2344 2403 2400
2402 2403 2344
2402 2446 2403
2345 2404 2402
2405 2406 2345
2407 2406 2405
2407 2451 2406
2408 2347 2407
2347 2451 2407
2347 2450 2451
2297 2349 2347
2349 2450 2347
2349 2453 2450
2348 2454 2349
2410 2454 2348
2410 2409 2454
2351 2409 2410
2351 2411 2409
2411 2412 2409
2413 2412 2411
2413 2414 2412
2415 2414 2413
2415 2355 2414
2355 2501 2414
2354 2458 2355
2416 2458 2354
2416 2459 2458
2357 2459 2416
2357 2417 2459
2417 2418 2459
2360 2418 2417
2360 2460 2418
2462 2460 2360
2462 2463 2460
2361 2419 2462
2420 2419 2361
2420 2464 2419
2421 2464 2420
2421 2422 2464
2423 2424 2421
2364 2424 2423
2364 2425 2424
2425 2466 2424
2367 2466 2425
2367 2427 2466
2427 2467 2466
2319 2426 2427
2426 2470 2427
2370 2369 2426
2369 2470 2426
2369 2428 2470
2430 2428 2369
2430 2429 2428
2371 2431 2430
2431 2429 2430
2431 2471 2429
2375 2471 2431
2375 2510 2471
2473 2510 2375
2473 2475 2510
2324 2474 2473
2377 2474 2324
2377 2476 2474
2477 2476 2377
2477 2514 2476
2379 2478 2477
2478 2515 2477
2381 2432 2478
2432 2434 2478
2326 2382 2432
2382 2434 2432
2382 2385 2434
2385 2433 2434
2384 2433 2385
2384 2480 2433
2435 2436 2384
2436 2481 2384
2386 2388 2436
2388 2482 2436
2437 2484 2388
2485 2486 2437
2390 2389 2485
2389 2487 2485
2439 2487 2389
2439 2488 2487
2391 2438 2439
2438 2488 2439
2438 2392 2488
2392 2440 2488
2440 2491 2488
2441 2490 2440
2394 2490 2441
2394 2492 2490
2396 2492 2394
2396 2442 2492
2442 2493 2492
2398 2445 2442
2445 2493 2442
2445 2443 2493
2444 2399 2445
2399 2443 2445
2399 2496 2443
2496 2399 2401
2400 2403 2496
2403 2447 2496
2446 2447 2403
2446 2448 2447
2402 2404 2446
2404 2449 2446
2345 2406 2404
2406 2449 2404
2406 2451 2449
2451 2497 2449
2450 2497 2451
2450 2499 2497
2453 2499 2450
2453 2452 2499
2349 2454 2453
2454 2455 2453
2409 2455 2454
2409 2456 2455
2412 2456 2409
2412 2414 2456
2414 2501 2456
2501 2540 2456
2355 2457 2501
2458 2457 2355
2458 2502 2457
2459 2502 2458
2459 2545 2502
2418 2545 2459
2418 2503 2545
2460 2503 2418
2460 2461 2503
2463 2461 2460
2463 2465 2461
2462 2419 2463
2419 2465 2463
2419 2464 2465
2464 2504 2465
2422 2504 2464
2422 2469 2504
2421 2424 2422
2424 2466 2422
2466 2467 2422
2467 2469 2422
2467 2468 2469
2427 2470 2467
2470 2468 2467
2470 2428 2468
2428 2429 2468
2429 2508 2468
2471 2507 2429
2510 2507 2471
2510 2509 2507
2475 2472 2510
2473 2474 2475
2474 2513 2475
2476 2513 2474
2476 2514 2513
2514 2552 2513
2477 2515 2514
2515 2516 2514
2478 2434 2515
2434 2479 2515
2433 2479 2434
2433 2517 2479
2480 2517 2433
2480 2518 2517
2384 2481 2480
2481 2518 2480
2481 2557 2518
2436 2482 2481
2482 2557 2481
2482 2520 2557
2388 2484 2482
2484 2520 2482
2484 2483 2520
2437 2486 2484
2486 2483 2484
2486 2521 2483
2485 2522 2486
2487 2522 2485
2487 2523 2522
2488 2523 2487
2488 2489 2523
2491 2489 2488
2491 2526 2489
2440 2490 2491
2490 2494 2491
2492 2494 2490
2492 2493 2494
2493 2527 2494
2443 2527 2493
2443 2495 2527
2496 2495 2443
2496 2447 2495
2447 2529 2495
2448 2529 2447
2448 2531 2529
2446 2498 2448
2449 2498 2446
2449 2497 2498
2497 2533 2498
2499 2533 2497
2499 2534 2533
2452 2536 2499
2453 2455 2452
2455 2500 2452
2456 2500 2455
2456 2537 2500
2540 2537 2456
2540 2538 2537
2501 2541 2540
2457 2542 2501
2502 2544 2457
2545 2544 2502
2545 2543 2544
2503 2546 2545
2461 2547 2503
2465 2505 2461
2504 2505 2465
2504 2469 2505
2469 2506 2505
2468 2506 2469
2468 2508 2506
2508 2548 2506
2429 2507 2508
2507 2509 2508
2509 2596 2508
2510 2549 2509
2472 2549 2510
2472 2511 2549
2475 2512 2472
2513 2512 2475
2513 2552 2512
2552 2551 2512
2514 2516 2552
2516 2553 2552
2515 2479 2516
2479 2554 2516
2517 2554 2479
2517 2555 2554
2518 2555 2517
2518 2577 2555
2557 2578 2518
2520 2519 2557
2483 2519 2520
2483 2579 2519
2521 2561 2483
2486 2522 2521
2522 2524 2521
2523 2524 2522
2523 2525 2524
2489 2525 2523
2489 2558 2525
2526 2558 2489
2526 2528 2558
2491 2494 2526
2494 2527 2526
2527 2528 2526
2527 2495 2528
2495 2529 2528
2529 2530 2528
2531 2530 2529
2531 2560 2530
2448 2532 2531
2498 2532 2448
2498 2533 2532
2533 2565 2532
2534 2565 2533
2534 2535 2565
2499 2536 2534
2536 2535 2534
2536 2567 2535
2452 2566 2536
2500 2566 2452
2500 2537 2566
2537 2539 2566
2538 2539 2537
2538 2568 2539
2540 2541 2538
2541 2592 2538
2501 2542 2541
2542 2569 2541
2457 2544 2542
2544 2571 2542
2543 2571 2544
2543 2572 2571
2545 2546 2543
2546 2596 2543
2503 2547 2546
2547 2597 2546
2461 2548 2547
2548 2505 2506
2548 2461 2505
2508 2597 2548
2509 2549 2596
2549 2572 2596
2472 2550 2511
2512 2550 2472
2512 2551 2550
2551 2573 2550
2552 2553 2551
2553 2574 2551
2516 2575 2553
2554 2575 2516
2554 2555 2575
2555 2577 2575
2577 2576 2575
2518 2578 2577
2578 2583 2577
2557 2556 2578
2519 2556 2557
2519 2579 2556
2579 2580 2556
2483 2561 2579
2561 2562 2579
2521 2524 2561
2524 2559 2561
2525 2559 2524
2525 2558 2559
2558 2530 2559
2530 2558 2528
2560 2559 2530
2560 2561 2559
2560 2562 2561
2560 2563 2562
2531 2563 2560
2531 2532 2563
2532 2564 2563
2565 2564 2532
2565 2582 2564
2535 2582 2565
2535 2584 2582
2567 2585 2535
2536 2566 2567
2566 2539 2567
2539 2586 2567
2568 2586 2539
2568 2590 2586
2538 2592 2568
2592 2591 2568
2541 2569 2592
2569 2593 2592
2542 2571 2569
2571 2570 2569
2572 2570 2571
2572 2511 2570
2547 2548 2597
2572 2543 2596
2550 2593 2511
2551 2574 2573
2574 2591 2573
2553 2575 2574
2575 2587 2574
2576 2587 2575
2576 2589 2587
2577 2583 2576
2583 2589 2576
2583 2584 2589
2578 2556 2583
2556 2580 2583
2579 2581 2580
2562 2581 2579
2562 2564 2581
2564 2562 2563
2582 2581 2564
2582 2580 2581
2584 2580 2582
2584 2583 2580
2535 2585 2584
2585 2589 2584
2585 2590 2589
2567 2586 2585
2590 2585 2586
2568 2588 2590
2591 2588 2568
2591 2574 2588
2574 2587 2588
2587 2590 2588
2587 2589 2590
2593 2591 2592
2593 2573 2591
2593 2550 2573
2569 2570 2593
2511 2593 2570
2572 2549 2511
102 103 2594
102 2594 2595
2597 2508 2596
2596 2546 2597
