-245.49 -25.142 72.047
-226.62 -1.1861 82.068
-251.6 -3.598 72.259
-227.83 -47.653 71.662
-233.35 -32.965 77.121
-237.93 -51.142 59.17
-238.95 -40.988 66.645
-262.47 -31.003 52.37
-258.22 2.8612 61.887
-259.97 -19.858 63.164
-238.71 -7.0996 83.896
-241.99 4.6408 73.683
-243.1 15.08 64.677
-230.31 11.408 74.973
-200.77 4.2174 82.004
-227.81 -17.304 88.342
-212.35 -11.895 89.308
-222.63 -32.706 84.67
-252.85 -30.639 61.82
-263.6 -46.535 35.498
-215.76 11.877 76.305
-192.56 -16.67 93.277
-202.87 -26.272 93.338
-211.13 -39.83 88.018
-211.98 -50.389 81.051
-255.9 -46.703 45.611
-266 8.7058 50.75
-253.07 17.038 56.816
-259.4 24.424 46.936
-226.75 23.469 68.358
-223.45 36.539 62.072
-208.7 21.624 71.469
-193.87 16.246 75.403
-187.64 7.0219 81.114
-169.04 -16.966 96.001
-181.64 -36.719 98.04
-199.08 -41.721 94.903
-204.38 -62.264 76.847
-226.79 -59.467 62.689
-239.1 -62.453 48.286
-255.28 -60.047 35.198
-267.13 -55.25 26.076
-281.46 -37.697 17.779
-273.34 -25.494 45.611
-277.67 -26.762 34.048
-284.01 -14.153 36.91
-287.54 -23.546 16.931
-273.25 -6.4326 52.839
-277.92 -0.58394 34.84
-225.03 50.541 53.473
-245.06 39.077 46.843
-238.11 30.612 56.056
-196.47 33.262 67.437
-207.79 38.539 64.955
-182.44 47.064 64.384
-185.89 -5.2387 88.354
-158.34 -8.642 91.961
-188.12 -51.146 96.498
-173.85 -47.392 100.75
-168.9 -69.563 95.104
-199.36 -53.706 87.384
-192.94 -86.842 67.331
-217.59 -69.301 63.038
-204.05 -78.814 66.077
-227.8 -70.342 52.321
-228.74 -80.574 43.716
-222.5 -92.188 33.308
-240.33 -82.978 31.672
-282.98 -55.462 7.6042
-289.11 -36.867 5.2453
-292.8 -15.254 6.9673
-279.11 4.1377 23.021
-269.71 16.018 36.75
-274.16 21.124 11.915
-265.98 28.885 26.338
-257.74 37.339 38.817
-238.14 57.753 40.451
-214 50.289 60.995
-223.32 62.256 48.388
-180.01 30.363 69.645
-169.98 22.511 73.041
-165.86 8.6835 81.372
-169.66 -3.0588 88.01
-149.98 5.8505 83.991
-152.88 -28.152 99.696
-167.74 -29.258 98.474
-159.33 -41.795 101.48
-162.36 -62.915 103.6
-170.21 -85.663 81.554
-184.36 -80.496 76.61
-185.71 -65.854 86.654
-194.56 -70.509 77.192
-182.12 -94.54 61.957
-198.82 -94.161 51.751
-214.7 -87.522 49.588
-217.13 -105.61 22.052
-235.06 -92.209 22.545
-251.68 -75.261 25.732
-270.06 -64.327 14.347
-284.47 1.8583 9.1505
-286.6 -10.33 22.115
-270 32.17 2.6797
-257.61 42.877 26.565
-201.05 51.6 61.679
-191.81 59.878 59.804
-178.82 64.674 58.477
-152.02 31.64 75.105
-162.8 44.232 66.591
-157.03 17.872 77.898
-134.12 -14.449 96.826
-146.09 -11.752 94.523
-150.11 -53.572 104.44
-143.9 -75.799 105.56
-156.48 -77.107 96.797
-150.71 -96.406 78.227
-153.63 -89.734 88.29
-199.63 -109.32 28.404
-209.43 -99.701 32.951
-228.63 -100.36 15.426
-244.04 -96.373 0.35643
-250.52 -83.909 15.814
-253.7 -87.569 3.7001
-263.18 -75.622 8.6305
-282.97 -62.669 -19.669
-272.32 -72.883 -9.9268
-286.64 -47.038 -1.5994
-290.76 -47.294 -22.189
-292.04 -22.967 -6.2462
-280.1 13.057 -2.9563
-278.08 17.672 -21.025
-269.23 33.899 -14.153
-250.66 51.094 34.124
-241.04 73.049 16.096
-244.7 64.148 26.252
-236.37 69.03 34.22
-212.73 71.247 49.163
-198.72 75.803 51.95
-161.58 62.975 59.891
-147.68 50.012 69.469
-133.71 39.811 78.093
-134.94 25.806 83.134
-132.02 12.856 87.581
-126.83 2.2267 91.747
-116.03 18.188 91.849
-123.86 -21.56 100.71
-138.43 -35.216 102.38
-142.62 -88.811 96.049
-115.68 -102.65 99.399
-131.53 -89.295 102.47
-168.49 -95.189 69.274
-146.03 -107.69 62.884
-176.63 -109.47 42.821
-186.47 -100.4 50.714
-190.25 -106.93 36.506
-211.28 -118.75 -5.4597
-234.74 -104.42 -1.9617
-281.04 -61.619 -6.4377
-288.75 -35.221 -10.291
-288.94 -6.4482 -2.3392
-284.64 3.283 -10.265
-270.31 31.997 -28.87
-253.89 60.139 -15.498
-232.39 79.673 27.657
-222.75 77.042 36.876
-203.84 85.562 41.606
-192.21 86.324 46.507
-164.3 76.627 52.706
-173.58 87.13 46.742
-182 78.826 50.812
-145.55 63.005 62.787
-150.13 76.865 53.445
-132.05 61.617 66.753
-121.7 36.406 82.695
-116.08 -8.8817 97.926
-101.31 -25.115 101.92
-117.28 -33.576 103.78
-117.59 -47.39 106.67
-138.49 -61.994 106.36
-135.88 -49.031 105.3
-129.84 -77.891 107.75
-163.98 -104.81 56.919
-154.76 -114.78 47.41
-157.29 -121.06 36.735
-190.78 -117.6 22.591
-212.16 -113.19 13.555
-223.75 -109.87 3.4477
-230.94 -113.39 -21.107
-243.19 -104.62 -21.762
-252.79 -95.894 -20.251
-258.62 -87.921 -7.902
-263.31 -88.316 -23.791
-251.24 -103.24 -40.943
-271.76 -79.295 -22.551
-275.48 -77.291 -39.356
-283.13 -66.179 -38.986
-290.33 -55.939 -37.051
-291.97 -38.952 -39.041
-287.55 -57.641 -54.735
-291.56 -29.606 -30.351
-284.75 3.0395 -23.612
-286.62 -1.7805 -46.807
-280.49 14.922 -47.103
-279.94 14.347 -34.248
-240.21 82.383 -10.466
-241.11 78.012 1.6524
-232.44 89.162 3.4912
-214.36 94.165 27.496
-195.91 99.288 33.641
-179.58 98.841 40.152
-167.28 102.57 37.594
-183.01 110.69 30.022
-159.04 88.346 47.001
-133.15 75.3 58.211
-120.58 79.723 58.351
-132.94 87.305 50.928
-111.57 71.428 65.47
-121.15 56.224 72.452
-87.839 34.738 92.04
-108.68 29.161 89.546
-81.468 23.014 99.911
-99.421 10.492 100.86
-104.91 -43.895 104.56
-115.87 -61.188 108.98
-108.4 -76.196 110.25
-117.2 -90.119 109.52
-98.641 -84.324 111.64
-104.05 -110.79 98.403
-132.44 -104.09 85.012
-113 -113.88 88.92
-134.85 -113.85 60.06
-123.39 -113.36 75.718
-146.05 -128.83 31.65
-136.1 -125.2 42.789
-172.35 -120.57 28.765
-159.49 -128.54 24.288
-198.15 -120.93 7.9982
-190.31 -129.03 -7.4126
-185.69 -126.91 6.3273
-218.26 -119.33 -19.24
-220.27 -121.08 -32.257
-208.69 -126.86 -31.803
-265.74 -90.187 -40.93
-277.72 -77.154 -57.7
-269.18 -88.686 -54.048
-290.76 -35.162 -63.471
-291.61 -30.521 -48.679
-290.8 -14.434 -18.547
-291.35 -19.177 -37.307
-287.83 -8.1202 -31.381
-269.95 33.463 -43.996
-264.13 43.394 -27.208
-255.36 57.32 -29.731
-258.18 52.563 -42.835
-254.55 59.961 -2.8406
-221.24 104.02 4.306
-224.1 107.5 -10.369
-231.25 96.09 -9.0809
-222.72 96.575 15.351
-204.82 108.28 20.916
-192.98 119.9 18.357
-165.57 117.13 26.942
-149.63 97.924 41.255
-108.07 90.562 53.804
-105.81 61.581 72.825
-104.94 47.604 80.766
-94.457 55.029 76.495
-79.116 44.31 86.208
-94.384 24.047 95.99
-75.462 4.0979 111.67
-102.84 -3.3463 102.5
-92.3 -14.602 110.15
-86.533 -2.8397 110.12
-86.525 -28.561 105.05
-91.562 -56.144 105.16
-91.129 -39.754 101.82
-91.662 -68.528 110.54
-103.64 -99.237 108.24
-87.555 -98.72 110.56
-104.38 -121.8 78.393
-120.16 -136.61 35.09
-134.85 -136.23 27.098
-152.43 -140.64 -0.29543
-154.41 -135.73 13.799
-166.87 -132.97 9.3901
-174.67 -135.51 -6.5551
-185.89 -135.49 -21.587
-188.59 -137.19 -37.503
-198.79 -129.46 -21.207
-209.35 -129.16 -46.532
-230.26 -118.21 -49.429
-238.86 -112.41 -35.579
-241.14 -112.57 -51.754
-254.45 -102.17 -56.541
-242.69 -112.79 -66.097
-283.49 -65.781 -64.087
-285.87 -64.194 -76.678
-275.62 -84.192 -70.987
-276.16 -82.387 -83.518
-290.78 -17.597 -53.636
-275.73 25.742 -62.3
-284.87 8.0725 -64.864
-269.13 37.152 -59.462
-238.19 84.306 -23.66
-229.73 98.578 -23.985
-216.15 114.27 -0.6465
-209.72 115.67 9.945
-155.47 107.66 34.029
-127.5 97.048 44.25
-114.87 98.73 45.431
-97.298 74.815 66.551
-93.849 93.775 53.976
-84.844 81.257 61.611
-83.518 62.505 71.295
-67.502 27.241 101.32
-75.333 -10.964 117.35
-77.785 -37.667 101.51
-73.655 -60.666 104.84
-81.282 -88.465 113.88
-73.804 -78.229 112.46
-90.59 -110.08 102.35
-77.951 -108.79 105.93
-74.817 -123.09 95.326
-81.414 -126.7 81.321
-92.574 -122.11 91.862
-92.488 -127.9 72.615
-85.104 -132.81 63.345
-114.51 -121.18 60.118
-110.64 -130.74 47.965
-102.16 -125.99 61.855
-123.48 -127.8 46.163
-99.27 -135.83 45.985
-125.75 -142.37 15.938
-142.45 -140.59 8.9031
-138.59 -145.91 -4.1182
-165.47 -141.45 -18.376
-175.14 -141.02 -30.286
-205.41 -132.83 -61.358
-191.55 -138.68 -60.104
-198.89 -134.89 -50.277
-219.41 -124.39 -54.315
-266.21 -92.656 -72.339
-290.92 -52.644 -81.069
-289.93 -48.577 -66.44
-290.76 -38.328 -80.519
-291.1 -20.918 -71.492
-287.75 -4.6328 -62.786
-274.37 27.964 -80.029
-275.86 23.019 -93.572
-280.65 17.668 -73.197
-258.84 52.923 -64.869
-265.51 44.215 -76.567
-251.48 62.008 -57.8
-247.71 68.741 -28.87
-238.34 82.48 -39.811
-223.62 107.56 -49.988
-220.97 113.08 -30.682
-215.16 124.21 -21.611
-209.01 124.34 -2.4319
-201.63 137.84 -13.1
-197.78 134.42 0.54093
-178.35 135.2 8.5302
-179.69 125.31 17.595
-137.17 121.02 25.069
-124.48 118.79 27.258
-69.236 66.881 67.32
-63.841 38.167 90.079
-73.398 50.454 76.844
-53.774 51.728 73.071
-63.404 -2.6648 118.47
-55.414 -27.976 117.46
-75.933 -23.561 112.99
-64.138 -35.406 108.55
-59.46 -112.55 105.92
-70.291 -99.277 112.22
-65.983 -127.93 82.421
-76.165 -138.11 52.924
-106.18 -142.45 27.661
-148.65 -145.75 -13.014
-141 -155.17 -40.172
-158.6 -150.08 -43.654
-176.9 -144.32 -55.895
-171.8 -144.72 -42.66
-209.71 -130.92 -74.287
-189.53 -140.06 -75.181
-223.19 -123.59 -69.65
-220.37 -124.62 -94.505
-234.83 -117.18 -76.57
-234.87 -116.85 -97.141
-248.83 -107.18 -98.897
-256.42 -101.31 -73.819
-248.39 -108.22 -82.442
-261.67 -95.87 -95.523
-272.81 -85.921 -94.939
-276.88 -75.428 -121.69
-286.36 -66.749 -98.424
-289.03 -59.837 -118.46
-292.21 -42.628 -96.91
-292.49 -55.727 -97.907
-292.1 -20.836 -105.36
-287.59 -6.7814 -75.966
-260.14 49.713 -96.837
-254.94 58.721 -77.352
-245.62 70.946 -50.593
-239.05 80.859 -57.06
-228.9 98.918 -37.125
-221.67 111.76 -63.258
-185.58 143.97 -13.185
-163.65 127.9 18.337
-165.75 135.78 7.9852
-150.1 136.14 10.84
-150.97 146.18 -7.1144
-153.16 119.62 25.342
-125.27 128.53 18.934
-111.63 119.67 28.391
-128.04 108.08 34.81
-103.52 110.47 37.704
-87.695 108.74 42.354
-70.51 114.53 36.029
-78.995 99.281 48.388
-73.048 79.086 58.126
-46.373 59.481 63.427
-51.174 30.09 97.109
-46.628 21.439 108.67
-59.082 16.91 109.04
-40.395 -8.3684 123.73
-63.192 -17.262 122.76
-42.765 -24.554 122.67
-68.177 -45.676 99.735
-42.13 -47.437 105.88
-59.97 -67.716 106.14
-52.51 -81.351 111.49
-39.093 -114.6 102.71
-57.093 -124.48 97.23
-69.901 -132.35 68.561
-111.87 -146.76 12.334
-105.75 -152.04 2.7283
-139.86 -151.72 -23.495
-124.94 -155.12 -20.879
-153.93 -147.99 -26.767
-142.05 -157.38 -59.07
-163.06 -150.18 -56.977
-171.33 -147.74 -67.754
-180.4 -143.64 -84.422
-194.39 -137.2 -94.872
-205.72 -132.26 -93.384
-220.04 -122.28 -112.77
-264.09 -92.2 -107.31
-262.21 -91.025 -121.3
-272.91 -83.185 -110.26
-270.74 -79.239 -132.91
-282.49 -70.245 -111.63
-294.48 -31.536 -125.86
-293.1 -33.953 -108.74
-290.44 -15.043 -119
-290.35 -16.335 -91.046
-287.28 -6.7445 -98.586
-284.67 2.6694 -85.697
-281.71 10.124 -102.59
-267.79 38.007 -91.94
-250.7 63.3 -100.29
-245.15 71.78 -84.854
-244.52 71.978 -67.399
-235.14 87.696 -68.808
-230.25 96.562 -56.119
-218.08 117.01 -43.42
-206.76 135.72 -31.834
-196.26 141.84 -23.62
-185.29 146.92 -28.441
-175.4 143.76 -4.1361
-140.6 143.85 3.2462
-138.63 130.5 17.137
-110.71 143.62 8.371
-83.908 120.57 33.569
-77.087 129.28 27.372
-66.592 88.823 49.883
-51.163 83.408 47.32
-51.534 69.934 56.427
-33.834 64.852 57.152
-38.582 50.592 71.054
-39.999 37.941 86.43
-33.837 23.303 106.6
-21.401 20.687 110.41
-41.476 5.146 116.9
-29.459 -2.403 121.07
-31.327 -19.068 124.76
-19.373 -32.784 119.53
-32.359 -39.987 113.46
-50.525 -39.181 110.21
-57.761 -54.078 99.958
-42.674 -68.725 105.81
-55.809 -95.104 115.93
-42.646 -126 94.916
-41.221 -134 70.811
-54.565 -130.58 77.582
-63.165 -136.5 58.947
-48.158 -145.72 37.253
-90.016 -140.9 38.328
-70.225 -146.91 29.903
-95.669 -146.55 22.221
-87.16 -151.83 12.793
-112.76 -154.5 -9.1393
-94.957 -156.58 -4.7369
-104.06 -158.84 -17.842
-123.87 -149.56 -2.9122
-124.97 -160.66 -46.467
-161.28 -151.69 -75.59
-167.01 -148.86 -87.269
-191.08 -136.47 -113.24
-206.6 -129.12 -111.31
-231.19 -116.41 -114.13
-253.58 -96.469 -128.97
-243.31 -109.04 -110.62
-283.88 -54.367 -150.87
-282.02 -65.841 -134.86
-289.17 -54.922 -134.94
-293.23 -40.427 -135.14
-293.51 -48.163 -119.87
-293.05 -18.816 -131.47
-281.79 9.0621 -115.63
-276.34 20.152 -125.64
-271.01 30.362 -105.03
-267.82 35.936 -123.8
-261.97 46.672 -111.99
-254.95 57.777 -112.53
-251.97 62.735 -132.07
-242.17 75.983 -96.905
-230.71 94.965 -79.637
-205.63 132.98 -81.651
-207.23 132.52 -47.509
-211.27 128.98 -65.418
-192.72 145.77 -40.05
-191.84 144.52 -53.275
-171.54 148.83 -15.026
-173.15 152.51 -33.551
-125.2 147.99 1.9774
-129.79 138.08 10.588
-102.61 133.68 19.692
-98.176 144.97 12.089
-91.022 129.98 24.945
-59.161 116.18 29.892
-54.305 100.1 37.097
-23.522 76.238 50.744
-40.057 78.319 45.065
-24.942 52.193 70.521
-22.765 35.229 90.753
-12.966 48.123 75.533
-0.54099 21.878 109.75
-10.826 9.819 115.99
-14.208 -13.399 126.75
-20.324 -50.857 107.98
-29.97 -64.636 104.9
-36.764 -79.376 110.51
-38.597 -93.871 115.22
-21.315 -83.632 112.31
-28.937 -136.57 62.94
-42.315 -139.23 54.954
-58.987 -141.74 46.006
-75.555 -150.52 18.777
-75.496 -160.38 -6.2789
-114.26 -159.59 -28.606
-112.47 -163.11 -40.684
-105.44 -166.98 -51.255
-127.98 -161.68 -61.81
-115.78 -165.36 -63.39
-133.91 -160.28 -73.211
-114.49 -165.82 -78.338
-146.27 -156.71 -72.035
-148.38 -155.08 -91.59
-161.74 -149.14 -100.21
-170.07 -144.42 -110.77
-221.48 -119.45 -125.32
-239.86 -108.17 -125.07
-253.88 -80.898 -158.54
-259.92 -87.697 -139.68
-267.67 -68.271 -153.98
-290.49 -40.924 -148.18
-295.76 -24.31 -147.75
-285.22 -1.6829 -123.79
-281.63 8.5542 -129.9
-282.38 7.0697 -146.22
-263.64 43.439 -135.76
-257.52 52.346 -144.57
-248.14 68.354 -117.46
-238.74 81.501 -108.67
-234.27 88.67 -90.734
-232.8 92.127 -113.8
-216.69 118.82 -102.43
-226.55 101.99 -103.06
-223.49 107.61 -82.752
-217.91 118.39 -73.834
-193.42 142.36 -88.628
-201.73 138.05 -62.043
-190.88 148.4 -65.597
-198.68 141 -74.702
-179.96 154.86 -47.743
-179.58 156.54 -61.788
-166.63 167.26 -66.173
-141.88 169.55 -40.254
-159.83 164.85 -52.318
-159.26 152.33 -18.271
-157.19 157.8 -32.711
-117.14 162.4 -11.341
-133.87 159.54 -24.405
-136.65 153.48 -13.894
-84.515 141.62 17.207
-69.892 138.11 20.348
-77.764 151.11 9.6303
-61.247 149.92 12.002
-61.464 128.46 24.21
-47.572 120.58 22.133
-49.904 132.39 16.177
-38.576 110.45 22.937
-39.92 88.581 37.686
-39.867 99.495 30.153
7.478 83.861 51.916
-5.8393 28.78 100.16
8.0914 -1.6671 122.3
6.0325 -20.512 123.92
-3.8057 -30.107 120.4
2.0569 -40.34 116.52
-27.799 -104 105.51
-13.012 -111.57 98.402
-22.904 -120.08 96.442
-29.869 -131.33 78.398
-15.137 -135.86 64.068
-65.993 -157.25 5.3272
-48.204 -154.94 15.05
-55.84 -150.52 24.598
-90.08 -164.04 -24.781
-83.688 -170.8 -50.723
-99.177 -165.66 -37.505
-102.23 -168.91 -63.524
-96.151 -170.13 -74.387
-131.72 -160.16 -87.699
-138.13 -156.61 -102.42
-151.24 -150.71 -112.18
-181.27 -141.15 -106.06
-158.54 -144.7 -129.05
-180.54 -138.83 -120.77
-190.69 -132.11 -131.79
-207.81 -125.95 -125.17
-198.87 -126.72 -139.67
-245.15 -97.046 -144.28
-235.28 -107.34 -136.65
-241.95 -93.685 -158.68
-236.41 -88.333 -173.79
-258.45 -59.19 -177.37
-266.9 -58.834 -167.17
-286.14 -41.004 -160.39
-274.62 -48.921 -168.36
-290.92 -25.934 -160.03
-281.27 -13.001 -181.87
-291.47 -13.249 -143.52
-280.51 0.72186 -164.03
-277.14 -0.86338 -177.68
-284.85 -11.559 -168.14
-272.9 20.55 -155.59
-270.52 30.699 -136.7
-263.1 33.144 -165.23
-266.35 34.069 -151.02
-242.4 77.887 -132.96
-227.52 101.74 -134.55
-234.48 90.192 -129.63
-223.18 109.44 -123.94
-207.08 131.46 -95.568
-185.08 152.87 -77.325
-142.68 189.25 -60.348
-132.25 178.7 -37.687
-115.73 173.55 -17.545
-100.76 168.83 -5.7672
-105.64 190.8 -19.693
-111.52 152.74 -0.16664
-97.14 155.53 3.0087
-43.885 140.97 7.5677
-59.047 162.88 5.7006
-28.508 103.06 25.272
-9.474 83.96 47.788
-19.885 90.394 38.849
14.62 73.521 62.82
1.0337 50.672 74.079
10.251 42.496 83.863
-3.2482 40.565 85.307
23.655 4.454 116.16
9.9905 15.484 114.52
26.763 -13.193 122.15
19.875 -25.085 125.06
-3.3581 -61.548 109.58
11.35 -55.156 111.62
-15.127 -66.511 107.97
-7.058 -48.325 112.66
0.23721 -74.764 111.95
-7.6308 -86.218 113.38
19.424 -69.097 110.82
-8.1713 -98.098 109.07
-5.0627 -122.19 87.494
5.0428 -106.08 101.05
-13.629 -130.39 77.521
-4.4778 -138.18 56.999
3.1432 -133.49 66.474
-15.676 -147.01 36.695
-22.469 -142.21 48.59
-39.954 -150.38 26.621
-54.099 -163.03 -5.8241
-52.683 -167.72 -17.495
-86.486 -168.45 -38.191
-74.556 -170.75 -41.447
-103.55 -167.85 -88.414
-120 -159.21 -114.01
-163.94 -140.14 -140.74
-176.12 -136 -139.1
-187.21 -127.58 -149.34
-216.6 -118.01 -142.46
-227.73 -98.471 -168.34
-231.38 -105.21 -149.04
-226.37 -88.452 -183.57
-252.99 -73.489 -169.53
-243.11 -72.243 -181.73
-265.86 -45.067 -182.7
-265.39 -33.44 -193.6
-276.95 -38.981 -176.07
-283.48 -27.414 -179.76
-277.27 -21.072 -193.42
-269.1 -3.6152 -191.06
-270.15 12.77 -180.62
-249 60.724 -154.18
-246.43 69.34 -142.41
-230.88 89.374 -147.84
-219.58 105.64 -143.81
-214.07 116.66 -139.88
-214.79 123.9 -123.01
-211.03 129.12 -109.34
-194.89 137.23 -103.05
-192.21 141.4 -120.73
-179.66 153.06 -91.392
-172.19 161.72 -83.987
-145.54 176.94 -51.709
-135.73 186.61 -50.248
-72.222 184.51 -5.4625
-86.466 180.23 -4.6056
-33.364 129.03 7.8869
-20.754 122.99 10.686
-13.683 111.06 21.926
3.2969 104.97 30.422
-12.684 98.956 32.002
-1.0216 95.645 37.834
11.287 94.53 42.022
-8.6296 66.204 61.832
14.341 55.633 73.924
25.814 49.222 79.361
26.039 64.869 69.645
18.015 36.95 92.158
7.4247 29.401 100.33
43.101 20.628 116.63
23.264 19.429 113.55
26.915 -36.884 122.31
15.736 -43.069 117.28
29.127 -58.424 113.97
4.8412 -91.796 113.51
23.755 -90.321 111.24
35.42 -73.078 108.9
37.005 -86.142 110.04
10.35 -114.75 92.55
7.9649 -122.76 81.955
7.5082 -140.73 50.454
-3.0157 -144.4 42.483
29.788 -147.81 31.768
-3.2193 -156.93 13.882
-26.316 -149.85 29.66
-31.412 -155.01 16.721
-40.567 -169.29 -19.788
-40.131 -159.89 4.8885
-73.522 -166.44 -21.756
-58.261 -175.06 -52.7
-55.494 -172.88 -39.216
-68.143 -174.51 -63.16
-81.769 -172.5 -70.17
-74.517 -173.31 -83.117
-88.165 -170.86 -87.98
-93.869 -168.39 -99.33
-115.22 -163.33 -98.121
-131.36 -151.76 -132.54
-135.52 -154.69 -116.5
-144.77 -150.03 -124.4
-120.09 -151.87 -142.47
-154.71 -138.7 -153.9
-175.26 -128.45 -155.5
-178.34 -122.13 -166.7
-195.79 -121.52 -156.31
-187.37 -115.44 -173.67
-207.6 -119.58 -152.49
-220.43 -106.79 -162.21
-209.41 -101.24 -183.23
-219.14 -81.886 -196.94
-254.04 -53.025 -187.42
-266.67 23.5 -173.19
-256.33 34.147 -182.83
-255.61 45.66 -166.15
-249.15 56.667 -166.4
-238.22 73.864 -158.3
-222.23 78.076 -177.11
-239.61 67.175 -173.61
-221.62 98.319 -155.11
-203.83 121.58 -153.22
-204.42 135.2 -122.61
-206.82 128.68 -138.37
-193.57 137.16 -135.82
-152.52 178.96 -90.846
-157.74 180.76 -77.032
-136.44 193.94 -97.464
-132.19 198.13 -57.851
-118.76 188.29 -30.894
-124.01 200.83 -48.229
-104.94 201.85 -26.493
-115.98 200.86 -38.235
-94.285 187.75 -12.004
-73.717 196.38 -10.281
-80.504 166.17 2.0219
-58.814 176.66 -0.65605
-45.363 165.49 -2.6768
-29.179 164.83 -11.189
-36.607 152.05 -1.2736
-18.801 139.57 -1.1773
-24.381 149.24 -6.8016
-8.2646 133.57 3.7824
-2.4369 115.95 19.532
22.872 100.55 40.826
22.385 90.772 49.504
25.206 80.939 60.468
34.888 42.339 88.727
39.457 56.035 76.835
52.816 31.262 108.46
30.05 33.75 99.363
36.045 7.3632 111.49
32.777 -25.825 126.02
38.46 -6.9191 116.33
48.167 -59.044 118.17
49.116 -75.559 108.74
22.749 -108.27 95.395
48.521 -104.71 93.031
23.643 -121.14 81.009
15.956 -127.53 72.695
25.606 -132.78 62.324
36.752 -120.02 79.252
3.8078 -150.03 29.04
-10.042 -152.41 23.272
-20.615 -167.05 -9.0822
-5.5457 -168.56 -12.389
0.3098 -172.82 -24.912
-16.059 -176.07 -36.439
-19.26 -171.43 -22.429
-40.461 -173.41 -34.347
-57.669 -176.47 -74.777
-77.454 -170.06 -106.43
-58.122 -171.93 -108.98
-61.545 -173.92 -95.049
-97.545 -164.49 -113.37
-109.63 -159.48 -123.24
-106.72 -156.57 -136.83
-137.41 -142.89 -158.44
-139.32 -146.06 -145.94
-163.05 -126.15 -171.39
-184.51 -107.24 -190.1
-204.4 -110.56 -170.72
-207.73 -94.29 -196.37
-199.15 -101.18 -190.49
-210.48 -80.058 -205.93
-224.7 -70.081 -202.7
-239.47 -50.98 -204.61
-252.04 -39.821 -200.86
-243.05 -34.606 -214.85
-268.08 -20.113 -203.05
-252.14 -11.517 -211.61
-252.7 2.7196 -199.01
-262.07 -9.2557 -199.63
-250.11 17.159 -194.93
-250.78 48.91 -177.49
-240.34 56.471 -182.01
-212.4 67.245 -192.93
-230.93 81.015 -166.6
-207.62 90.385 -177.05
-208.57 109.08 -161.95
-193.66 134.7 -148.56
-181.56 139.18 -145.12
-174.34 148.67 -106.35
-164 155.09 -112.74
-161 162.44 -98.887
-142.08 174.85 -108.14
-149.04 161.56 -110.34
-136.22 201.68 -83.194
-138.05 197.53 -69.127
-148.09 188.75 -83.365
-127.58 212.6 -78.843
-125.7 208.83 -61.791
-96.219 213.59 -26.445
-81.845 205.38 -14.779
-56.697 208.11 -19.595
-56.875 187.84 -6.737
-41.843 184.4 -13.066
-9.5959 149.75 -6.4189
12.989 144.53 0.02502
2.0267 155.39 -9.897
14.59 134.09 7.815
18.776 118.72 22.819
35.464 108.49 39.095
38.672 76.517 67.274
54.004 63.593 75.775
47.15 46.331 84.392
53.569 39.139 96.828
61.756 20.29 119.06
51.6 4.0493 112.51
46.752 -36.447 126.72
42.689 -47.528 122.11
70.32 -65.584 119.66
60.566 -81.089 108.26
43.839 -96.146 101.92
47.117 -124.42 70.109
21.683 -139.91 50.097
34.115 -136.66 54.093
49.354 -142.71 38.267
23.386 -154.34 17.939
8.2619 -166.65 -6.3082
8.8888 -154.67 18.6
-17.055 -161.96 2.9205
-45.205 -176.31 -48.929
-18.57 -178.19 -51.411
-46.89 -177.82 -65.659
-36.284 -178.56 -74.168
-80.475 -166.11 -119.89
-67.949 -167.69 -121.35
-83.488 -160.69 -137.26
-97.279 -160.91 -127.62
-120.91 -147.95 -154.73
-150.98 -129.16 -174.2
-176.94 -114.8 -181.97
-174.09 -99.211 -211.93
-194.58 -93.052 -206.2
-212.72 -68.603 -213.6
-236.16 -63.087 -197.5
-228.27 -55.017 -211.89
-225.76 -38.695 -220.02
-254.02 -25.973 -211.16
-240.65 -21.025 -224.85
-242.46 -1.0737 -211.97
-238.22 18.894 -201.83
-215.34 18.913 -210.29
-243.13 35.198 -191.58
-227.18 65.264 -184.12
-228.16 49.861 -194.37
-207.77 57.715 -202.02
-220.88 92.27 -167.72
-189.02 126.41 -158.44
-168.33 142.7 -145.52
-173.59 132.14 -157.84
-182.42 141.47 -131.7
-172.47 147.39 -123.14
-157.35 150.78 -125.47
-145.75 153.06 -130.85
-139.03 163.16 -119.22
-131.41 173.11 -120.49
-129.54 191.25 -109.46
-121.84 209.05 -100.98
-113.32 212.79 -44.722
-105.9 221.69 -52.06
-78.238 217.2 -19.905
-69.374 208.52 -15.075
-30.885 189.04 -20.756
-45.943 199.5 -18.617
-14.879 159.09 -12.83
-5.5595 174.93 -22.317
10.326 166.46 -17.111
24.244 149.78 0.74463
35.325 146.42 6.5178
30.747 122.66 24.35
24.3 129.12 15.886
41.949 138.91 15.004
42.969 124.27 28.209
15.732 108.12 31.174
46.27 115.45 37.393
56.413 108.35 41.89
36.927 93.699 51.896
51.371 100.64 51.999
50.765 81.833 67.951
72.887 86.536 58.729
77.976 48.057 85.101
68.007 34.069 107.2
77.377 40.617 97.447
62.988 45.513 88.257
63.248 -1.7251 112.26
48.497 -20.225 119.03
67.177 -20.408 113.76
61.26 -36.309 122.5
78.168 -30.794 115.06
61.51 -56.365 122.93
83.068 -65.218 116.85
86.255 -84.44 102.51
74.825 -82.38 106.99
58.526 -109.96 86.191
57.405 -97.34 98.181
46.857 -137.39 49.808
36.623 -142.37 41.762
62.769 -143.99 32.616
42.497 -147.86 29.13
21.729 -162.21 2.1018
42.232 -155.56 13.344
39.629 -169.29 -17.227
-30.496 -176.94 -43.806
-36.063 -178.08 -59.249
-51.308 -176.36 -87.68
-39.67 -173.62 -109.69
-37.824 -177.76 -90.186
-66.428 -163.75 -134.6
-51.296 -166.28 -132.15
-94.419 -156.68 -144.22
-71.194 -159.14 -146.73
-77.792 -155.34 -156.6
-97.422 -152.1 -157.11
-88.209 -151.15 -165.51
-101.86 -147.6 -168.67
-121.42 -143.1 -170.29
-147.01 -136.2 -164.76
-157.95 -119.99 -185.32
-142.8 -126.33 -184.46
-165.08 -111.35 -196.26
-185.72 -79.88 -223.85
-188.81 -64.876 -234.48
-199.69 -73.253 -219.53
-207.63 -59.62 -222.53
-206.68 -35.984 -225.58
-221.82 -22.913 -228.22
-233.37 9.5259 -211.6
-221.43 7.0047 -214.96
-222.95 37.25 -203.57
-205.3 81.136 -185.33
-192.7 93.182 -183.86
-198.67 99.692 -173.19
-177.75 101.85 -181.47
-151.54 146.19 -148.14
-159.24 147.42 -137.79
-118.22 163.67 -138.08
-120.16 172.95 -129.45
-113.86 213.58 -109.75
-116.29 219.79 -89.967
-99.485 219.71 -91.979
-115.78 220.86 -74.104
-91.732 221.09 -76.062
-86.498 221.67 -58.171
-93.183 222.22 -46.867
-101.97 219.67 -37.399
-66.201 217.04 -25.912
-55.083 216.42 -31.664
-41.86 208.69 -26.438
-23.567 201.19 -29.793
-11.91 203.88 -36.335
-20.309 176.07 -21.135
26.635 160.38 -8.7589
27.997 175.43 -21.324
62.776 132.92 13.556
60.822 93.473 58.469
64.301 77.937 72.572
73.57 66.762 76.584
81.03 29.249 115.96
74.833 17.818 120.05
90.416 19.766 119.66
74.206 4.8762 115.85
76.781 -11.519 109.65
74.832 -55.233 126.04
86.205 -40.717 116.99
89.1 -52.11 121.16
96.608 -66.821 111.68
69.02 -103.65 88.656
64.574 -116.26 76.901
74.55 -128.65 55.32
62.702 -124.91 64.785
62.133 -133.78 51.746
74.308 -137.56 40.836
86.315 -144.09 24.372
59.745 -151.18 18.55
52.874 -158.96 4.1934
35.175 -163.41 -1.7377
51.614 -165.43 -8.7062
18.283 -171.82 -22.273
30.972 -175.81 -35.982
52.842 -173.9 -35.854
23.858 -178.84 -54.555
16.044 -176.58 -36.315
9.3673 -178.92 -53.126
-12.633 -179.54 -63.732
-2.0983 -177.78 -44.649
-21.621 -179.31 -74.74
-16.377 -179.1 -87.075
-25.718 -176.98 -99.991
-10.577 -177.96 -100.11
-48.461 -170.77 -118.94
-57.738 -159.8 -149.33
-64.571 -155.89 -159.35
-53.622 -152.56 -172
-106.27 -142.28 -183.92
-91.87 -142.38 -192.53
-102.87 -138.94 -198.59
-140.23 -120.64 -195.91
-125.22 -132.84 -185.94
-152.7 -112.75 -201.94
-162.3 -104.19 -211.2
-154.6 -95.352 -228.06
-171.32 -75.506 -235.51
-158.65 -74.746 -238.03
-165.83 -89.158 -228.17
-162.38 -57.438 -241.22
-177.06 -63.506 -240.15
-190.74 -37.394 -232.38
-232.52 -10.426 -221.62
-220.29 -7.9273 -221.62
-202.12 7.6884 -216.31
-210.67 39.642 -205.81
-190.96 59.228 -202.41
-199.39 48.36 -204.88
-185.7 71.545 -197.27
-199.65 67.284 -198.24
-185.29 82.784 -191.94
-187.2 108.33 -170.06
-170.92 118.59 -167.84
-160.65 126.86 -164.92
-160.84 136.14 -156.13
-137.87 144.39 -152.06
-144.85 134.24 -160.79
-132.02 153.03 -142.59
-107.64 161.98 -145.2
-131.35 157.82 -129.88
-118.24 194.45 -120.06
-107.8 201.08 -126.2
-99.461 220.49 -109.99
-86.36 219.79 -117.88
-80.964 219.83 -92.096
-88.313 220.07 -102.47
-83.896 222.15 -38.001
-67.318 221.45 -47.851
-71.758 221.59 -61.97
-32.02 214.29 -35.867
-17.26 214.37 -41.132
-13.848 190.54 -29.92
10.869 177.91 -24.273
-0.70585 185.88 -28.079
40.714 157.38 -6.3396
56.197 170.52 -18.686
53.792 145.64 3.3362
50.932 130.22 18.314
56.421 119.47 27.189
67.391 97.837 48.564
67.993 104.63 35.535
84.799 103.43 23.537
83.852 91.94 41.221
87.002 69.998 71.559
89.733 37.318 100.88
113.77 -63.701 107.02
98.954 -88.971 94.816
105.43 -75.57 103.65
114.2 -89.606 89.864
81.362 -96.905 90.632
105.28 -96.864 83.998
90.523 -101.07 83.252
85.336 -112.34 73.958
80.144 -120.7 64.551
97.413 -115.56 64.727
84.549 -132.27 46.639
91.148 -136.84 36.424
72.094 -153.67 10.609
51.261 -170.05 -22.166
70.055 -167.42 -18.563
71.258 -171.47 -34.28
46.119 -177.49 -49.451
-1.7233 -179.99 -78.19
17.519 -179.9 -79.897
6.4511 -180.76 -68.341
1.9469 -178.91 -95.372
-20.575 -173.82 -114.24
-1.8057 -174.18 -115.45
-34.868 -170.03 -125.99
-39.816 -165.14 -138.24
-33.444 -161.54 -148.84
-25.902 -167.38 -134.64
-25.005 -157.09 -161.96
-72.228 -151.81 -170.09
-57.867 -148.55 -183.31
-88.648 -147.01 -178.29
-79.436 -144.03 -193.49
-116.98 -127.53 -212.99
-114.07 -137.2 -192.57
-127.43 -124.56 -203.88
-137.39 -115.85 -207.58
-140.69 -107.91 -220.96
-139.82 -102.04 -233.77
-140.9 -83.366 -236.47
-193.5 -50.216 -231.15
-172.55 -50.449 -239.25
-189.2 -24.928 -234.37
-209.45 -21.926 -230.28
-205.2 -9.9696 -224.57
-187.04 6.913 -218.02
-188.96 19.36 -212.87
-201.61 20.947 -211.15
-176.1 32.225 -210.96
-196.6 33.366 -208.53
-186.32 41.572 -207.59
-174.76 63.032 -201.73
-172.02 46.607 -207.77
-169.69 77.759 -195.53
-161.93 95.919 -186.16
-165.05 108.02 -178.14
-153.7 118.67 -171.74
-133.3 113.64 -176.33
-145.99 108.36 -179.07
-126.85 137.45 -162.93
-96.943 153.14 -155.3
-106.44 184.87 -133.77
-96.467 216.54 -127.48
-72.044 219.79 -106.79
-58.204 216.95 -121.56
-66.245 220 -91.418
-69.473 221.32 -78.348
-60.57 221.23 -69.697
-56.706 221.02 -83.176
-54.425 220.81 -50.703
-38.787 220.22 -53.104
-4.3601 209.11 -45.685
4.7146 195.73 -34.189
14.541 201.25 -39.898
34.511 185.1 -29.614
42.607 173.7 -19.825
59.824 154.21 -4.3932
74.91 153.22 -15.121
70.656 145.69 -4.5562
85.286 114.78 17.701
67.919 114.29 22.837
88.186 80.497 55.657
99.787 79.148 47.987
115.87 65.205 58.428
98.045 72.796 58.693
95.91 60.863 75.871
108.05 48.264 80.12
95.856 47.419 82.515
103.3 34.447 103.39
114.99 36.408 97.776
89.791 0.4745 113.06
109.2 0.27829 111.47
100.53 11.609 116.04
117.15 -17.966 106.79
98.063 -19.902 108.19
98.184 -34.658 110.58
112.1 -41.693 109.4
105.15 -50.754 115.59
132.46 -65.008 96.683
128.39 -81.768 88.993
118.99 -74.48 99.227
126.06 -93.969 78.524
125.04 -105.16 64.211
101.74 -129.81 42.512
78.639 -159.38 -3.7818
94.613 -156.2 -2.6425
65.385 -161.81 -4.7866
62.236 -175.18 -45.54
72.231 -175.41 -54.552
28.005 -179.79 -70.11
40.111 -178.98 -65.21
-2.7014 -169.87 -130.73
13.583 -174.82 -113.42
-11.35 -166.27 -139.05
-41.573 -157.68 -158.09
-41.241 -153.75 -170.37
-63.433 -143.33 -200.21
-88.493 -137.99 -210.45
-78.637 -135.73 -222.5
-69.49 -139.25 -214.27
-120.84 -110.15 -235.12
-127.11 -113.55 -222.08
-133.72 -74.449 -242.26
-149.59 -37.872 -240.44
-134.41 -37.693 -242.1
-144.78 -50.573 -242.58
-169.56 -30.568 -237.46
-178.01 -4.3124 -225.16
-191.4 -8.9704 -225.77
-170.14 5.7373 -221.92
-162.86 31.223 -213.41
-174.42 19.065 -214.46
-140.54 62.941 -206.62
-156.28 77.082 -196.79
-134.01 127.88 -168.04
-101.31 140.94 -163.59
-90.355 135.24 -167.83
-117.8 148.25 -153.35
-83.577 165.16 -154.22
-76.058 154.89 -156.92
-94.579 168.61 -147.18
-91.032 181.23 -143.06
-92.682 195.22 -139.28
-85.57 205.85 -138.27
-70.051 216.09 -127.9
-63.609 206.5 -138.98
-44.923 218.84 -109.68
-45.957 218.04 -71.299
-20.774 214.65 -53.247
-14.419 207.63 -71.638
3.6052 200.41 -81.278
42.922 188.64 -39.98
26.68 192.67 -36.228
54.267 179.66 -31.689
70.823 168.97 -29.924
86.769 150.11 -18.623
97.818 136.37 -16.845
81.116 134.37 -3.9707
83.804 126.87 11.952
100.48 117.19 12.857
99.588 88.311 34.022
103.55 101.27 20.91
114.65 95.28 23.884
111.3 80.27 42.494
104.22 64.278 67.174
117.89 54.431 71.939
135.51 34.201 97.092
107.76 22.963 116.56
117.59 29.22 109.74
125.8 20.124 112.21
114.37 12.393 113.24
121.04 -51.761 110.83
144.84 -48.387 97.218
141.59 -90.299 70.198
108.15 -106.42 72.228
113.84 -111.6 62.107
106.04 -121.19 52.816
119.45 -123.19 43.081
114.27 -132.24 32.782
104.81 -150.52 5.2118
105.27 -139.66 24.267
90.143 -150.2 11.535
104.88 -159.52 -15.11
86.367 -162.7 -14.085
89.02 -167.83 -28.371
46.561 -178.84 -76.275
59.889 -178.16 -74.515
23.894 -179.12 -90.551
19.828 -171.42 -125.67
25.522 -176.14 -107.52
35.171 -170.99 -125.7
2.919 -159.71 -155.94
-14.774 -161.62 -150.62
-14.016 -154.25 -170.07
-28.702 -152.76 -174.75
-16.084 -148.62 -186.35
-29.648 -148.47 -187.3
-53.761 -141.57 -209.22
-76.52 -130.56 -234.29
-94.058 -124.22 -234.33
-107.5 -120.18 -235.9
-116.42 -121 -224.36
-101.41 -132.84 -222.43
-105.54 -110.25 -244.78
-122.76 -99.303 -245.02
-111.7 -91.599 -247.07
-145.58 -68.208 -244.1
-159.83 -16.107 -236.57
-156.39 -1.8433 -231.2
-155.15 12.499 -223.11
-144.27 30.749 -218.44
-152.53 39.774 -213.6
-153.74 55.314 -207.44
-162.36 65.77 -201.28
-131.56 87.175 -194.73
-142.8 82.04 -196.03
-131.78 102.84 -183.28
-144.94 95.877 -186.96
-116.9 106.2 -183.56
-104.92 104.51 -187.44
-118.73 119.52 -174.11
-108.79 130.84 -168.61
-96.742 122.52 -174.9
-74.926 134.62 -169.71
-72.926 172.9 -150.83
-71.628 185.63 -147.47
-42.557 212.7 -125.01
-58.63 219.44 -105.49
-46.568 217.96 -91.325
-36.102 216.45 -100.21
-27.352 211.18 -76.13
-18.53 208.03 -84.278
-29.815 214.37 -63.605
-4.9424 205 -90.608
18.028 199.05 -55.143
11.274 199.7 -65.727
-3.8212 205.89 -64.403
48.413 189.35 -53.977
58.169 180.57 -46.087
58.123 184.04 -60.976
89.101 156.88 -44.902
88.483 155.04 -31.149
103.94 150.51 -54.311
100.93 147.96 -39.209
92.871 124.82 -8.4194
105.66 126.08 -15.302
126.76 91.154 28.68
125.06 82.134 40.603
140.65 75.233 47.898
140.24 67.306 57.786
137.58 57.037 68.508
132.98 48.408 76.522
144.88 45.062 79.649
125.55 42.109 85.479
145.56 36.959 89.059
145.9 6.9007 105.32
138.15 24.024 110.21
126.24 5.0113 109.39
137.03 -4.7678 105.24
133.33 -50.492 105.51
137.85 -31.113 101.36
137.62 -72.715 87.481
148.16 -58.073 88.845
150.97 -78.77 72.756
141.09 -102.5 58.207
123.44 -114.93 51.993
143.95 -110.95 45.451
137.28 -125.86 29.148
133.53 -118.02 41.909
117.29 -148.32 3.1375
114.25 -142.65 14.408
120.73 -154.19 -10.305
84.132 -171.41 -41.561
86.89 -174.25 -70.831
77.883 -174.71 -89.176
56.11 -177.77 -58.556
74.359 -176.3 -72.783
47.19 -177.81 -94.29
8.146 -167.13 -137.94
12.652 -153.28 -171.69
-0.49768 -151.88 -177.02
7.2334 -147.9 -187.72
-45.399 -148.29 -186.6
-38.359 -144.47 -199.1
-31.263 -137.81 -215.26
-45.007 -139.09 -218.75
-61.831 -126.83 -240.76
-86.902 -116.06 -242.43
-121.58 -83.391 -246.96
-123.18 -57.157 -246.51
-110.23 -59.649 -252.47
-124.71 -25.983 -241.78
-118.13 -39.597 -244.85
-107.51 -21.111 -244.73
-138.86 -14.665 -238.62
-123.5 -6.7888 -239.14
-131.2 24.613 -225.63
-141.41 13.094 -227.53
-126.78 58.869 -212.23
-134.65 48.976 -215.58
-128.94 72.238 -204.54
-120.36 95.374 -190.97
-85.504 114.23 -183.97
-83.406 126.46 -174.53
-80.78 144.88 -163.25
-63.569 164.72 -150.9
-54.324 154.04 -158.23
-52.429 180.27 -144.48
-58.877 195.2 -144.06
-46.987 200.33 -137.53
-32.59 203.47 -129.78
-31.567 212.75 -88.686
-17.095 211.25 -103.11
3.6034 202.67 -105.22
14.589 198.16 -98.773
24.191 193.14 -77.704
35.756 190.16 -71.438
46.607 185.18 -81.284
31.809 194.37 -55.676
48.383 186.14 -68.678
81.729 165.38 -53.839
67.287 176.75 -56.81
71.261 171.12 -46.398
93.39 159.47 -61.01
116.89 143.94 -55.244
126.84 121.8 -23.522
118.95 105.19 15.971
122.28 113.31 4.2035
138.13 85.435 35.956
125.69 71.943 51.441
127.39 62.197 62.478
154.31 54.539 72.556
160.57 -22.155 92.091
126.85 -27.695 106.76
146.4 -17.322 98.307
148.62 -36.693 93.964
158.28 -46.58 87.569
159.88 -70.183 71.411
154.1 -91.55 58.266
126.95 -137.39 17.415
130.32 -144.7 2.7583
123.84 -157.97 -22.554
138 -151.2 -13.852
110.08 -163.44 -28.657
103.41 -168.25 -39.846
122.23 -164.81 -43.666
95.669 -172.69 -80.288
93.746 -172.5 -59.199
70.922 -173.98 -100.57
47.35 -174.83 -107.67
27.925 -164.02 -144.01
38.581 -166.01 -137.83
16.913 -160.64 -152.97
30.702 -153.15 -169.55
-3.671 -143.45 -199.45
-15.188 -136.65 -212.18
-23.734 -143.07 -200.36
-37.655 -134.13 -229.67
-23.534 -132.71 -226.42
-33.288 -125.04 -241.36
-58.209 -136.32 -229.15
-73.328 -113.6 -246.74
-50.678 -117.83 -247.53
-93.463 -107.2 -249.16
-104.52 -74.966 -246.27
-83.13 -73.591 -243.67
-110.9 -7.2087 -241.54
-139.5 0.3612 -235.76
-123.76 34.67 -223.47
-114.61 56.829 -216.37
-103.63 68.049 -213.02
-119.65 80.457 -202.47
-104.65 92.155 -196.9
-92.964 100.8 -192.87
-62.867 138.06 -168.53
-58.72 120.29 -173.87
-40.506 158.7 -149.5
-29.573 146.81 -148.6
-41.408 185.1 -140.38
-36.825 170.23 -143.47
-15.513 201.37 -124.18
-24.027 194.06 -130.21
-27.665 215.74 -115.81
11.065 195.32 -120.78
-10.161 209.56 -115.17
39.326 190.85 -110.26
24.757 194.28 -91.402
38.367 189.32 -90.635
79.711 169.73 -68.112
108.88 133.49 -24.889
115.28 138.99 -35.435
132.52 128.18 -32.932
136.02 119.62 -14.463
112.91 119.84 -6.8694
132.89 108.99 10.076
135.52 97.527 19.63
145.42 112.68 10.492
153.29 83.884 37.911
165.1 90.604 34.603
147.61 97.486 23.021
156.49 75.281 48.288
153.04 65.257 60.807
181.26 56.434 72.854
167.53 69.832 55.509
179.52 44.403 81.547
167 54.042 74.256
161.13 37.957 85.2
155.25 23.498 104.65
168.42 28.222 98.042
175.14 7.3658 97.687
151.14 -6.1993 101.73
158.44 -33.592 86.828
158.31 -58.829 80.414
162.66 -80.708 62.005
164.91 -94.357 47.863
160.2 -108.45 37.947
163.37 -127.64 10.958
150.12 -124.09 24.23
146.13 -134.18 11.934
145.29 -142.32 -2.1257
131.1 -160.37 -36.187
122.22 -167.47 -58.767
146.41 -160.9 -65.057
139.59 -161.47 -52.062
106.51 -170.4 -58.677
60.141 -176.86 -91.248
47.527 -170.83 -124.22
39.358 -158.82 -155.33
54.209 -160.88 -147.01
50.163 -153.17 -165.27
20.468 -141.97 -198.63
21.197 -149 -181.39
31.338 -144.91 -190.2
-5.0943 -132.98 -218.89
-46.661 -128.67 -240.83
-63.769 -103.02 -254.97
-83.078 -95.623 -249.14
-98.451 -85.979 -245.48
-94.085 -60.395 -249.34
-99.384 -37.734 -253.9
-97.061 -50.491 -257.39
-87.12 -24.371 -256.36
-95.923 -16.795 -247.93
-118.1 12.787 -235.87
-117.8 25.533 -229.92
-103.96 42.21 -225.22
-104.66 24.44 -231.9
-101.79 82.314 -205.1
-89.062 91.329 -200.81
-87.64 77.08 -207.11
-74.818 81.198 -199.77
-79.763 104.06 -191.54
-71.464 117.71 -181.43
-47.846 121.3 -167.92
-45.951 142.84 -158.23
-20.867 162.38 -138.23
-17.241 151.22 -143.95
-23.704 181.37 -134.17
-3.4 191.76 -124.04
17.186 181.78 -127.06
-2.8101 173.81 -132.56
26.999 195.34 -114.94
48.687 183.69 -116.19
33.554 185.05 -122.02
50.575 186.75 -104.08
58.628 180.94 -80.586
68.866 176.2 -70.443
78.092 169.91 -82.004
90.836 163.4 -76.998
82.662 164.91 -94.587
112.65 150.72 -79.223
121.83 145.07 -71.818
104.18 154.54 -66.832
130.1 139.26 -58.743
123.16 138.29 -45.945
136.85 131.95 -45.645
157.25 121.76 -20.74
144.06 123.51 -34.84
135.31 118.39 -1.8919
180.45 111.51 20.107
165.47 105.57 21.438
181.7 77.065 48.994
168.36 78.482 46.413
187.96 63.513 63.984
200.25 39.031 77.796
187.47 32.58 89.791
194.76 15.779 87.66
163.72 14.234 101.61
184.8 18.722 94.916
161.89 1.1172 100.59
175.22 -14.706 92.4
188.48 -13.513 88.526
170.69 -60.43 69.666
178.07 -74.798 54.509
174.54 -105.58 31.114
157.59 -135.8 1.8777
156.49 -142.4 -9.7692
149.16 -151.29 -21.949
152.32 -154.56 -35.36
154.37 -157.81 -55.304
127.46 -166.66 -75.513
114.36 -169.67 -81.669
112.21 -168.08 -98.847
123.84 -166.51 -90.246
98.819 -165.3 -119.75
83.475 -171.58 -105.62
94.345 -171.88 -93.233
61.536 -172.51 -112.95
62.44 -164.88 -135.48
65.158 -153.18 -161.97
45.243 -149.23 -176.97
47.121 -132.42 -209.32
39.325 -139.54 -199.12
-5.6089 -127.79 -231.58
-6.0239 -118.06 -241.12
10.017 -124.99 -230.74
-18.047 -123.96 -238.48
-44.722 -105.37 -254.84
-32.684 -94.1 -255.35
-24.183 -112.25 -249.92
-80.72 -61.08 -246.53
-66.76 -83.038 -246.7
-79.074 -51.006 -254.05
-62.641 -45.178 -255.76
-86.884 -39.196 -260.43
-81.111 -9.7918 -252.08
-96.228 -3.8213 -245.23
-91.575 15.827 -238.75
-104.79 6.214 -241.17
-80.117 20.079 -236.37
-101.78 54.23 -219.68
-86.768 50.256 -217.97
-59.305 66.283 -203.41
-76.981 60.799 -210.35
-45.283 87.712 -184.8
-58.131 105.27 -181.27
-46.326 98.908 -179.49
-18.282 138.95 -150.26
-36.106 134.98 -156.44
-3.1804 145.22 -148.35
-7.3832 162.13 -138.65
20.549 165.06 -139.43
26.411 175.53 -132.85
62.764 178.12 -101.4
72.528 172.1 -95.631
101.7 156.69 -80.579
132.23 139.67 -87.507
144.63 136.61 -73.164
147.14 130.7 -55.254
160.69 115.84 11.998
150.05 118.84 -5.061
171.93 118.28 7.2416
165.57 122 -8.9712
178.97 100.88 29.124
177.17 88.952 39.565
197.02 91.97 42.11
202.77 54.378 69.572
199.13 29.812 86.478
188.98 1.6745 92.754
197.89 -28.375 69.73
173.61 -25.861 86.773
181.63 -35.594 78.254
190.01 -23.2 80.172
168.2 -40.236 80.368
180.77 -51.173 68.293
190.86 -102.36 22.381
167.56 -115.32 23.985
181.88 -114.11 15.606
174.96 -125.06 6.2494
167.52 -137 -7.2298
174.73 -149.44 -47.376
169.63 -154.16 -65.521
147.65 -160.48 -85.984
124.38 -163.1 -107.3
131.52 -158.36 -118.97
136.79 -162.05 -97.08
78.707 -165.12 -129.68
76.779 -160.5 -141.62
73.053 -156.65 -152.83
67.111 -147.47 -173.15
54.761 -138.45 -196.73
27.363 -133.26 -211.91
5.9733 -135.47 -213.6
21.212 -126.99 -225
-17.919 -78.49 -254.48
-51.386 -85.754 -250.53
-33.034 -75.54 -250.23
-63.649 -68.023 -241.32
-72.489 -36.932 -263.82
-71.807 -17.322 -260.74
-86.769 6.0108 -246.39
-71.643 2.2864 -251.34
-91.847 33.283 -227.53
-62.904 51.045 -213.35
-74.856 42.504 -222.48
-47.829 49.863 -211.84
-59.578 94.043 -187.74
-62.586 77.905 -197.43
-22.006 96.29 -178.92
-24.352 123.83 -158.48
-33.934 112.61 -166
4.8793 156.81 -142.39
7.4021 137.43 -154.6
13.695 147.99 -149.06
36.255 161.5 -144.28
44.439 177.41 -129.44
50.984 166.93 -140.43
55.813 176.44 -123.84
63.997 173.96 -113.27
71.547 166.61 -119.97
77.738 164.47 -108.56
93.373 159.73 -90.196
92.747 154.04 -105.9
101.36 152.54 -96.763
114.17 146.38 -93.165
124.26 135.49 -109.59
143.27 128.64 -105.91
132.04 135.75 -99.915
143.73 133.74 -92.796
163.79 127.68 -69.186
161.59 121.09 -32.746
159.01 124.79 -53.349
176.06 121.44 -31.824
192.89 101.01 32.984
206.9 100.74 31.556
209.96 87.104 46.853
199.26 78.476 50.48
200.53 67.997 58.542
221.65 29.315 75.714
213.52 6.2807 69.388
201.33 4.9324 80.647
199.04 -8.682 81.955
208.89 -15.247 68.231
190.09 -41.779 66.587
181.01 -61.525 61.24
190.67 -64.101 52.32
203.01 -48.572 50.954
185.95 -86.966 39.067
203.89 -93.234 20.6
195.37 -77.469 39.829
196.95 -109.66 10.64
188.28 -120.3 3.0655
193.87 -129.41 -14.905
163.41 -148.39 -28.823
177.87 -143.76 -31.781
161.95 -153.83 -44.898
181.17 -149.23 -64.465
149.74 -157.85 -101.85
140.09 -149.64 -134.58
110 -159 -131.13
115.91 -161.62 -119.55
114.85 -153.53 -141.67
123.49 -156.19 -131.83
97.634 -157.91 -140.51
87.152 -152.81 -154.79
61.049 -143.31 -185.82
69.701 -133.11 -199.65
34.181 -126.1 -223.15
24.621 -117.63 -235.37
38.413 -113.07 -237.22
11.092 -94.327 -257.96
-2.0939 -107.91 -249.93
10.502 -109.84 -245.55
-17.273 -101.43 -255.75
-8.1571 -92.326 -255.27
-32.509 -62.075 -247.08
-47.343 -73.684 -246.57
-50.443 -49.412 -251.97
-54.179 -59.174 -244.14
-67.123 -57.041 -247.34
-58.833 -29.083 -268.24
-59.244 -15.083 -265.29
-60.727 -1.8718 -258.65
-65.429 16.075 -245.27
-59.696 24.826 -235.7
-70.874 28.824 -227.73
-58.122 40.977 -220.98
-47.524 59.963 -203.35
-9.6063 99.656 -179.11
-20.613 111.94 -167.39
-0.090663 127.1 -159.85
-11.26 121.66 -161.87
19.648 136 -159.46
15.766 123.89 -167.49
28.752 148.54 -153.42
50.395 154.18 -151.76
51.513 135.99 -165.81
40.72 141.84 -162.81
66.385 163.43 -138.42
109.92 143.84 -106.06
161.12 123.17 -101.43
155.32 132.27 -81.702
171.56 121.64 -59.633
185.83 118.81 -67.185
170.41 119.66 -44.345
188.81 118.1 -45.127
181.8 123.5 -11.153
198.78 124.42 -7.1355
202.14 122.37 -26.07
184.92 120.74 4.6472
193.86 108.15 22.258
208.26 108.31 17.987
215.03 67.707 59.217
213.4 38.745 71.561
215.24 55.197 67.142
222.39 16.931 69.315
240.41 27.744 62.341
210.07 21.329 78.673
207.82 -35.623 56.045
217.65 -18.952 57.408
218.93 -55.798 34.088
215.3 -46.459 41.818
204.85 -59.046 43.284
207.67 -70.441 34.387
209.53 -82.772 25.254
207.78 -101.13 11.277
202.54 -121.57 -10.641
211.36 -109.42 0.52857
219.41 -111.14 -10.295
180.85 -133.93 -11.144
186.8 -136.53 -23.125
189.24 -140 -35.63
202.95 -129.79 -24.554
196.59 -141.95 -61.061
174.64 -152.25 -80.968
175.32 -149.82 -96.924
160.95 -156.77 -82.663
159.03 -152.38 -112.18
144.21 -155.46 -119
152.49 -141.42 -143.41
122.21 -146.22 -151.68
102.43 -148.84 -156.58
117.04 -137.89 -171.93
84.786 -147.53 -167.48
100.87 -142.45 -170.59
79.66 -142.71 -180.32
89.623 -136.54 -188.13
67.895 -123.91 -216.21
85.13 -130.09 -199.17
47.552 -121.01 -226.89
65.93 -112.93 -231.08
27.448 -93.545 -257.23
25.826 -103.23 -249.32
-5.0213 -62.62 -253.3
-17.264 -66.424 -249.83
-17.234 -50.522 -255.86
-43.354 -38.56 -260.68
-30.822 -40.332 -259.29
-38.635 -28.579 -268.69
-19.33 -29.487 -268.01
-45.814 -5.5724 -262.2
-47.273 26.374 -236.13
-34.569 34.792 -227.08
-46.102 37.259 -223
-34.592 50.134 -215.16
-33.986 61.608 -204.63
-39.412 75.935 -191.09
-27.775 72.987 -196.17
-21.201 65.558 -204.94
-27.103 83.357 -188.12
-13.02 75.686 -198.21
-7.6355 89.293 -188.01
5.0326 94.99 -186.42
-3.1269 109.27 -172.76
4.9444 117.78 -167.7
20.669 116.01 -176.08
55.465 122.72 -176.89
62.386 147.03 -154.3
66.189 127.15 -169.62
74.908 151.37 -143.55
80.823 157.29 -129.69
89.888 146.11 -128.64
86.3 155.6 -117.06
99.468 143.55 -118.09
113.27 135.98 -118.83
131.16 127.49 -119.11
151.23 122.25 -113.25
169.12 125.76 -85.49
181.28 123.58 -80.097
180.64 119.98 -94.789
202.09 119.81 -38.233
189.87 121.67 -32.896
209.69 123.66 -15.685
221.13 119.22 -11.043
217.1 115.71 7.9456
232.96 84.624 37.742
219.61 92.437 37.762
224.67 80.976 47.417
243.52 63.535 53.391
231.39 68.047 59.561
228.13 41.057 67.082
241.98 49.545 55.604
233.64 54.588 63.855
220.38 -1.4294 61.642
221.91 -26.842 48.215
222.54 -77.652 20.02
220.84 -92.222 9.3894
223.54 -100.63 -0.83315
204.69 -133.85 -37.817
187.94 -143.84 -47.95
206.33 -136.73 -52.983
195.93 -143.15 -74.597
187.71 -146.29 -83.671
153.13 -149.38 -126.08
174.22 -143.33 -121.03
161.31 -142.83 -133.9
101.41 -135.88 -182.56
113.4 -130.86 -183.76
106.84 -126.94 -193.97
99.733 -121.78 -206.86
114.93 -117.13 -204.73
40.467 -104.1 -245.92
38.551 -80.794 -264.46
47.355 -92.449 -254.82
21.692 -80.107 -259.82
42.888 -67.379 -264.68
3.8207 -77.72 -254.78
-4.0856 -50.334 -259.04
10.14 -58.903 -255.29
-31.36 -9.6676 -265.1
-11.715 2.1328 -261.5
-43.111 -16.892 -267.33
-13.187 13.371 -253.92
-51.618 12.543 -252.53
-42.018 18.687 -245.97
17.663 92.039 -194.33
20.857 82.096 -204.8
31.13 110.51 -184.98
36.201 130.9 -170.89
42.124 120.16 -181.97
65.713 105.22 -185.13
73.39 136.53 -156.94
99.078 135.49 -132.13
123.33 123.62 -127.95
146.52 118.1 -127.11
149.53 114.64 -146.8
136.32 115.98 -137.3
157.99 118.6 -133.52
163.31 118.48 -115.46
208.26 113.53 -76.141
214.68 120.41 -34.402
233.45 113 -39.145
234.19 111.56 -13.844
202.55 120.36 4.8403
223.33 102.77 23.477
230.97 109.55 7.7002
234.59 95.239 28.82
259.64 72.15 35.279
247.85 72.039 43.186
261.5 55.29 38.751
262.84 40.951 36.174
250.31 47.033 46.582
250.3 18.818 47.464
245.55 6.8645 46.601
236.14 16.104 60.191
237.98 -7.4018 45.608
235.02 3.5974 54.33
230.23 -34.939 37.251
228.15 -14.881 50.206
238.5 -40.181 28.208
230.32 -63.944 21.636
245.42 -54.128 15.559
236.21 -51.669 23.579
238.84 -68.523 13.035
229.69 -113.21 -24.554
242.93 -109.05 -36.18
216.62 -122.07 -25.543
218.19 -126.29 -39.295
215.54 -134.42 -70.379
224.27 -127.32 -92.27
209.76 -136.61 -81.455
190.13 -142.95 -99.713
199.55 -136.27 -112.32
173.32 -147.86 -109.41
188.26 -139.24 -117.32
176.29 -138.3 -132.82
173.91 -128.04 -150.97
158.84 -131.01 -157.34
136.33 -139.27 -157.88
118.83 -122.84 -193.54
127.58 -127.58 -181.39
134.55 -118.28 -191.61
81.13 -118.99 -218.4
74.816 -105.88 -236.28
90.314 -105.13 -233.05
70.826 -97.897 -245.85
86.63 -96.47 -243.09
57.416 -103.82 -242.92
58.078 -74.991 -266.52
-5.8464 -31.908 -266.9
-2.4909 -13.197 -268.07
-14.832 -16.93 -268.85
-29.871 8.571 -257.29
-23.706 30.912 -232.81
-19.429 39.599 -224.38
-2.4912 63.962 -212.25
-13.663 58.678 -213.71
0.89804 79.156 -199.35
33.55 69.936 -218.16
15.786 69.732 -212.96
38.415 91.251 -203.96
30.937 100.23 -193.06
14.811 103.89 -183.32
46.298 110.93 -190.98
83.566 127.96 -151.84
84.737 137.96 -142.56
98.699 119.34 -144.08
111.68 112.81 -146.02
101.19 108.26 -157.17
111.23 126.04 -132.27
119.11 103.89 -157.8
178.37 119.63 -109.57
194.25 119.8 -115.85
196.46 119.08 -85.079
215.14 114.29 -96.872
219.15 113.75 -108.67
200.97 116.95 -105.79
235.48 102.35 -81.696
224.99 109.09 -82.507
203.18 116 -53.049
221.87 110.59 -69.375
221.53 115.95 -44.915
227.14 120.63 -29.686
239.4 105.58 -3.5264
245.07 106.62 -20.049
250.31 99.247 -5.1975
246.65 95.511 23.154
250.33 81.093 32.597
258.47 80.576 19.306
267.03 28.792 32.502
250.13 31.719 51.487
258.27 16.074 37.318
251.13 -4.5317 35.293
244.38 -18.507 34.373
257.67 -16.769 23.017
255 -47.048 11.431
252.43 -34.59 19.624
249.62 -70.287 1.7769
239.34 -81.994 3.2677
261.45 -56.851 -1.0945
274.08 -59.242 -14.818
239.98 -93.035 -9.2681
253.17 -89.159 -18.43
258.91 -77.738 -12.61
251.91 -96.416 -28.83
261.27 -91.93 -37.381
233.48 -104.83 -15.402
222.91 -127.4 -52.438
230.74 -118.47 -40.146
243.44 -114.62 -58.824
232.52 -123.82 -72.636
203.74 -137.57 -97.931
214.35 -130.87 -102.8
182.55 -129.99 -142.06
178.68 -119.63 -159.77
135.51 -132.76 -168.43
153.88 -105.96 -193.09
122.43 -96.641 -229.12
129.19 -103.09 -211.56
96.745 -111.51 -222.48
60.188 -90.011 -254.61
56.491 -61.776 -266.82
22.098 -55.291 -255.33
42.223 -41.489 -256.17
35.016 -58.031 -259.75
33.357 -30.387 -261.92
7.6753 -37.331 -265.38
25.372 -42.875 -258.46
3.6648 -23.174 -272.35
18.111 -26.456 -267.5
5.1007 10.866 -257.85
-25.798 22.921 -242.33
-5.797 21.165 -245.55
6.8788 21.488 -245.95
15.561 29.873 -237.55
-8.4634 47.997 -220.92
-7.7407 31.739 -233.29
7.4593 45.146 -224.17
21.242 59.682 -220.05
43.154 81.506 -212.78
53.633 101.41 -196.03
89.146 86.677 -183.09
76.434 118.04 -168.56
88.302 108.93 -162.15
118.4 90.354 -176.15
127.72 110.99 -147.82
158.83 112.12 -162.12
162.53 116.61 -145.31
176.99 117.31 -152.11
169.37 118.89 -126.41
181.92 118.88 -122.09
187.89 119.41 -133.54
174.95 119.27 -139.32
210.42 119.75 -138.43
209.93 119.44 -121.49
235.67 104.17 -95.055
248.67 93.594 -94.944
224.13 112.57 -57.156
239.26 100.83 -67.234
237.48 105.82 -53.589
243.82 104.57 -39.224
246.54 100.04 10.612
253.52 90.408 6.2447
266.42 69.682 5.6346
262.94 80.274 -5.2449
267.82 68.476 24.773
273 56.493 24.712
273.24 32.367 22.318
278.32 28.061 11.465
271.09 15.112 22.499
262.4 -2.1849 25.075
262.01 -26.845 14.27
271.3 -44.292 -2.9459
268.38 -77.726 -26.204
256.21 -102.47 -47.669
254.46 -106.63 -59.386
233.53 -119.72 -100.19
195.56 -129.96 -130.49
188.65 -121.76 -149.33
161.21 -122.42 -167.03
170.63 -112.51 -175.38
147.6 -119.61 -181.17
159.27 -96.397 -199.14
135.77 -109.15 -200.84
117.34 -106.59 -216.96
102.8 -101.2 -233.99
100.28 -90.035 -243.59
90.825 -79.215 -252.71
88.865 -69.527 -261.34
110.59 -70.899 -252.4
73.757 -87.334 -252.39
77.61 -76.04 -260.18
71.319 -68.552 -268.62
68.05 -56.475 -268.1
47.342 -22.964 -261.67
10.071 -3.9027 -265.65
31.558 -7.9303 -272.09
60.045 90.757 -202.36
68.868 73.055 -217.52
77.837 98.724 -180.91
96.574 94.593 -173.53
107.82 99.603 -166.62
125.23 82.038 -184.85
133.11 91.078 -175.79
133.66 103.98 -160.79
146.68 92.621 -179.1
145.74 110.77 -158.41
189.48 119.88 -146.72
233.08 107.99 -111.21
223.97 116.57 -122.3
243.2 99.419 -105.23
262.09 82.994 -62.154
248.26 91.688 -72.245
247.45 98.602 -50.539
260.39 92.097 -27.96
257.47 92.713 -41.813
259.27 93.524 -12.065
276.32 51.38 10.7
278.59 15.203 11.112
271.11 1.3629 16.8
287.1 -40.855 -23.174
275.95 -68.112 -28.493
277.84 -78.712 -44.371
267.32 -91.407 -49.345
243.24 -116.38 -76.372
261.37 -100.23 -86.425
259.7 -103.96 -74.207
233.92 -121.62 -85.626
221.5 -123.87 -110.42
210.91 -124.52 -124.4
229.07 -116.82 -117.4
206.53 -118.62 -139.82
223.21 -113.97 -130.89
199.06 -113 -154.5
217.46 -110.06 -143.37
183.27 -109.44 -169.69
165.58 -104.64 -185.67
172.03 -94.097 -191.84
149.16 -95.005 -206.79
158.22 -86.893 -209.71
135.01 -94.915 -219.99
136.96 -78.801 -232.95
124.83 -84.3 -238.28
112.46 -87.519 -242.13
121.61 -74.27 -247.75
98.915 -62.089 -262.29
81.039 -60.581 -267.74
91.337 -49.075 -264.64
69.771 -38.57 -261.68
49.018 -51.762 -261.45
71.666 -23.743 -256.35
58.566 -32.891 -257.72
54.717 4.1157 -272.12
27.532 25.22 -244.79
22.791 14.159 -256.85
26.414 40.607 -230.08
49.537 35.669 -236.6
43.626 27.728 -244.62
37.221 57.466 -225.8
39.515 42.243 -231.36
51.709 60.272 -226.88
49.41 73.186 -221.01
59.075 81.898 -213.55
75.048 62.821 -220.98
65.406 56.911 -228.6
71.577 85.06 -199
93.213 78.516 -192.29
105.95 87.081 -180.87
108.63 77.822 -190.14
155 86.608 -186.82
147.02 76.66 -192.36
175.98 98.739 -183.11
168.59 108.31 -173.63
155 103.14 -173.3
196.9 115.91 -163.85
181.2 109.53 -172.66
202.45 120.3 -152.3
228.97 115.42 -133.7
239.85 105.37 -132.58
259.3 88.175 -123.01
257.1 87.787 -102.48
269.06 70.469 -82.59
270.81 63.866 -5.1957
273.75 66.535 -18.785
278.16 50.791 -8.2989
280.26 42.269 1.4465
285.72 21.9 -4.2169
287.41 0.49897 -6.9107
279.38 0.85268 7.3855
271.1 -10.362 11.97
272.61 -26.07 3.917
279.94 -15.656 -0.045614
279.52 -32.269 -6.2961
280.64 -45.077 -12.716
282.54 -55.97 -27.236
264.56 -97.017 -63.091
286.31 -73.567 -73.756
277.02 -83.095 -57.469
272.32 -90.068 -81.03
251.76 -110.06 -83.623
239.12 -112.74 -110.71
248.15 -111.06 -97.549
235.8 -108.82 -126
251.38 -101.12 -113.09
234.65 -98.839 -138.99
222.68 -100.33 -149.52
208.7 -91.227 -168.32
183.67 -100 -177.75
174.66 -82.493 -200.08
186.1 -78.413 -194.27
173.75 -68.509 -211.2
146.83 -88.048 -217.98
159.74 -74.703 -217.91
132.77 -69.752 -242.69
117.87 -57.561 -256.53
136.68 -48.639 -252.14
83.921 -35.492 -260.15
104.86 -45.084 -260.53
95.986 -25.185 -256.12
60.95 -10.589 -264.21
69.972 3.0141 -268.51
38.274 8.5732 -266.62
37.883 19.932 -253.23
53.431 14.438 -265.22
56.057 24.207 -252.56
85.207 73.792 -204.93
92.043 62.543 -213.06
97.779 68.752 -203.57
127.58 73.083 -195.28
143.53 68.136 -201.92
159.62 77.59 -195.62
188.48 75.995 -205.09
230.03 111.45 -147.41
225.52 107.33 -165.53
248.67 96.496 -122.16
261.55 80.388 -87.642
265.17 81.83 -112.22
272.76 71.808 -64.978
267.92 81.392 -50.376
270.42 77.483 -26.332
275.47 69.168 -44.475
277.43 65.134 -31.379
281.96 59.527 -49.311
286.77 49.444 -40.37
289.34 39.002 -33.15
283.32 50.156 -27.658
286.43 33.566 -16.285
294.69 -3.2739 -26.64
289.84 -12.086 -11.845
289.09 -54.67 -39.698
283.91 -71.396 -54.201
282.09 -77.241 -87.699
274.6 -84.374 -101.38
260.9 -97.657 -102.23
252.35 -81.449 -140.73
230.69 -89.498 -154.11
241.56 -78.862 -153.73
212.69 -99.748 -157.67
204.96 -81.905 -178.53
197.42 -99.633 -168.63
190.4 -88.44 -183.81
173.05 -54.752 -222.58
182.14 -46.156 -221.13
147.4 -68.642 -232.28
152.72 -51.614 -240.89
141.51 -58.92 -243.84
122.57 -37.822 -255.15
139.92 -35.85 -251.53
97.734 -11.786 -257.84
75.46 -7.0745 -262.58
84.896 -16.34 -257.41
69.366 23.349 -257.53
61.726 34.746 -239.71
69.699 45.266 -232.56
83.764 45.318 -227.26
112.17 68.219 -199.93
125.56 54.513 -214
106.43 59.712 -209.11
133.45 62.282 -207.05
168.09 71.844 -202.7
171.38 87.378 -190.91
182.35 83.886 -196.5
178.46 66.457 -210.76
194.05 92.517 -192.69
208.15 79.626 -204.1
205.52 103.54 -178.49
212.69 87.751 -195.58
208.95 112.3 -166.58
218.77 99.779 -179.47
241.86 98.361 -162.56
244.68 99.604 -149.39
260.72 82.331 -153.4
252.31 91.495 -156.78
264.6 78.86 -130.42
271.15 71.344 -106.81
270.57 67.78 -125.13
281.59 57.779 -83.965
274.41 63.318 -96.268
283.77 59.256 -68.814
294.94 31.919 -46.539
292.58 26.617 -27.724
298.67 1.6473 -37.842
291.74 13.882 -19.126
296.64 -22.477 -34.897
290.63 -26.719 -20.8
296.19 -39.529 -44.251
298.57 -46.361 -66.476
290.56 -63.317 -84.211
292.6 -61.105 -70.574
282.39 -72.689 -100.49
289.27 -61.522 -97.259
276.03 -73.824 -113.32
258.09 -91.55 -119.15
267.66 -80.859 -120.74
260.46 -83.006 -131.21
246.71 -98.712 -126.3
219.28 -69.294 -175.85
218.77 -80.878 -169.51
200.33 -72.742 -187.41
207.33 -60.861 -189.55
191.28 -65.271 -199.01
194.46 -54.364 -204.9
181.79 -58.026 -212.7
162.54 -52.947 -232.23
150.62 -42.782 -249.45
156.24 -24.941 -248.48
106.62 -2.9153 -259.45
92.318 0.36397 -262.78
86.294 10.207 -268.59
105 22.701 -254.31
72.306 15.903 -268.59
84.384 26.069 -252.26
78.864 34.732 -240.33
109.49 50.655 -217.98
101.64 40.243 -229.86
131.94 45.525 -222.58
148.92 46.352 -224.23
140.25 52.673 -216.36
151.92 59.228 -211.25
235.15 99.066 -175.58
256.72 80.329 -170.82
244.18 90.931 -178.72
256.63 91.362 -137.59
264.45 76.473 -142.7
279.23 58.947 -109.18
288.57 49.437 -54.517
292.02 44.636 -71.786
299.98 20.716 -54.59
300.44 15.454 -42.832
300.58 -23.898 -49.824
301.38 -37.452 -78.282
292.53 -55.953 -54.735
299.34 -35.69 -57.505
284.25 -57.743 -116.92
293.58 -50.708 -105.4
290.85 -39.571 -117.71
278.38 -58.352 -128.79
257.94 -62.917 -149.24
265.23 -70.708 -136.13
244.11 -52.803 -167.85
240.16 -67.155 -162.4
229.64 -73.627 -166.05
229.19 -61.433 -173.46
214.56 -49.814 -191.18
188.68 -32.681 -226.22
173.96 -39.976 -233.56
162.53 -40.714 -241.84
141.2 -17.33 -251.62
140.72 -3.5428 -254.38
119.53 -23.368 -254.75
124.98 -11.84 -256.53
107.53 9.3284 -264.01
118.84 -0.55545 -259.41
98.172 32.178 -241.06
115.48 32.95 -237.21
132.53 36.166 -233.43
128.47 25.879 -247.23
119.09 41.306 -226.2
160.36 50.929 -221.15
200.5 37.843 -232.07
186.89 59.498 -218.56
198.18 66.037 -213.67
195.16 49.353 -224.96
210.79 69.247 -210.94
220.56 77.861 -201.94
227.32 89.805 -188.55
247.7 75.32 -190.95
264.34 69.635 -170.55
265.78 69.973 -156.42
270.04 62.999 -145.51
284.27 34.303 -134.83
278.82 55.831 -123.04
288.2 48.706 -98.844
285.87 46.819 -115.89
291.7 44.381 -86.955
297.25 29.918 -69.695
302.68 15.822 -82.66
302.36 6.2257 -57.555
302.79 13.863 -69.341
301.82 -10.918 -50.412
302.42 -24.081 -62.449
303.68 -4.9324 -64.847
298.16 -38.14 -94.801
297.41 -48.466 -87.418
268.95 -57.063 -142.88
284.05 -46.998 -128.03
256.67 -48.95 -158.9
232.89 -50.055 -177.2
201.86 -38.832 -209.24
180.06 -28.268 -238.03
152.54 -12.355 -249.86
118.99 15.583 -263.46
130.8 18.113 -258.84
141.12 30.739 -243.07
164.96 42.861 -231
152.65 34.757 -239.87
171.01 32.161 -239.14
177.25 50.658 -224.82
204.21 23.593 -235.49
215.36 44.304 -226.77
214.27 56.418 -219.4
224.28 66.402 -211.21
232.63 79.528 -196.17
239.56 63.805 -205.72
261.41 69.352 -183.74
269.42 56.951 -173.41
276.97 39.722 -150.5
276.81 50.193 -141.85
290.6 34.534 -116.37
293.3 36.493 -97.997
298.32 26.35 -87.75
295.96 26.803 -106.79
300.51 17.657 -97.206
303.33 3.0594 -81.979
304.31 -24.033 -77.269
302.43 -11.909 -92.761
298.02 -30.64 -106.23
300.31 -9.3812 -107.04
295.47 -21.84 -119.29
285.85 -31.571 -136.39
275.15 -37.784 -146.21
261.3 -36.654 -160.78
263.37 -14.904 -169.11
253.48 -28.227 -172.58
227.5 -31.961 -192.11
223.39 -19.513 -204.33
233.44 -18.889 -195.92
214.77 -34.32 -201.5
209.25 -18.638 -218.4
199.31 -21.379 -225.58
177.02 -7.9528 -245.51
187.42 -18.309 -239.5
170.71 -22.418 -245.78
162.96 -0.54201 -248.9
150.9 3.6748 -253.12
148.83 17.741 -255.5
187.46 26.593 -239.95
215.24 26.675 -229.49
227.11 40.47 -221.46
227.6 56.585 -218.67
238.75 45.416 -213.21
250.81 63.424 -198.97
264.1 57.913 -192.99
274.45 32.165 -161.11
272.75 51.242 -156.8
301.17 2.2677 -98.233
299.78 3.875 -110.71
293.36 0.65424 -127.98
294.49 16.66 -125.02
288.54 4.4688 -140.14
291.8 -18.249 -131.47
282.57 -16.049 -147.89
274.72 -24.989 -153.03
235.45 -35.133 -182.87
249.13 -19.943 -181.28
232.64 -4.0846 -204.87
209.63 -3.5882 -227.77
202.72 10.45 -236.16
190.45 -4.9607 -241.15
190.65 9.4274 -242.41
228.23 28.135 -222.76
241.05 29.729 -213.96
249.16 48.716 -205.38
260.53 29.899 -192.53
266.23 41.036 -188.01
269.9 44.655 -170.41
285.91 21.873 -143.1
275.5 16.037 -164.63
280.46 7.4653 -151.6
271.62 -2.6752 -160.87
268.83 31.133 -174.88
269.03 6.6837 -171.22
259.74 -3.2917 -179.54
242.84 -11.269 -191.17
252.83 23.456 -200.01
238.56 9.8412 -207.53
259.87 10.759 -185.65
248.95 1.5151 -191.36
227.38 10.343 -219.63
217.27 -6.7659 -218.51
217.04 7.464 -227.67
-252.37 58.293 11.023
-260.95 49.168 -6.6126
171.82 21.741 -246.37
161.72 16.284 -253.02
